	File name	ALB	BET	DOL	LAG	NoF	OTHER	SHARK	YFT
0	img_00005.jpg	0.0	0.0	0.0	0.0	100.0	0.0	0.0	0.0
1	img_00007.jpg	100.0	0.0	0.0	0.0	0.0	0.0	0.0	0.0
2	img_00009.jpg	96.19	3.81	0.0	0.0	0.0	0.0	0.0	0.0
3	img_00018.jpg	100.0	0.0	0.0	0.0	0.0	0.0	0.0	0.0
4	img_00027.jpg	8.96	22.93	0.0	0.0	0.72	0.0	0.18	67.21
5	img_00030.jpg	100.0	0.0	0.0	0.0	0.0	0.0	0.0	0.0
6	img_00040.jpg	0.24	5.3	0.0	0.0	0.0	0.0	0.0	94.46
7	img_00046.jpg	100.0	0.0	0.0	0.0	0.0	0.0	0.0	0.0
8	img_00053.jpg	100.0	0.0	0.0	0.0	0.0	0.0	0.0	0.0
9	img_00071.jpg	0.0	0.0	0.0	0.0	0.0	0.0	0.0	100.0
10	img_00075.jpg	100.0	0.0	0.0	0.0	0.0	0.0	0.0	0.0
11	img_00102.jpg	0.01	1.22	0.0	0.0	0.0	0.0	0.0	98.77
12	img_00103.jpg	100.0	0.0	0.0	0.0	0.0	0.0	0.0	0.0
13	img_00109.jpg	100.0	0.0	0.0	0.0	0.0	0.0	0.0	0.0
14	img_00119.jpg	0.0	0.0	0.0	0.0	100.0	0.0	0.0	0.0
15	img_00120.jpg	0.05	2.72	0.0	0.0	0.0	0.0	0.0	97.23
16	img_00125.jpg	100.0	0.0	0.0	0.0	0.0	0.0	0.0	0.0
17	img_00128.jpg	0.0	0.0	0.0	0.0	0.0	0.0	0.0	100.0
18	img_00129.jpg	0.28	5.71	0.0	0.0	0.0	0.0	0.0	94.01
19	img_00133.jpg	0.0	0.0	0.0	0.0	100.0	0.0	0.0	0.0
20	img_00138.jpg	100.0	0.0	0.0	0.0	0.0	0.0	0.0	0.0
21	img_00141.jpg	0.0	0.0	100.0	0.0	0.0	0.0	0.0	0.0
22	img_00152.jpg	0.0	0.0	0.0	0.0	0.0	0.0	0.0	100.0
23	img_00161.jpg	0.0	0.0	0.0	0.0	88.75	0.0	0.0	11.25
24	img_00164.jpg	0.0	0.0	0.0	0.0	100.0	0.0	0.0	0.0
25	img_00170.jpg	100.0	0.0	0.0	0.0	0.0	0.0	0.0	0.0
26	img_00171.jpg	95.58	0.0	0.0	4.42	0.0	0.0	0.0	0.0
27	img_00172.jpg	0.0	0.0	0.0	0.0	100.0	0.0	0.0	0.0
28	img_00175.jpg	100.0	0.0	0.0	0.0	0.0	0.0	0.0	0.0
29	img_00180.jpg	0.0	0.0	0.0	0.0	0.0	0.0	0.0	100.0
30	img_00196.jpg	0.0	0.0	0.0	0.0	100.0	0.0	0.0	0.0
31	img_00212.jpg	100.0	0.0	0.0	0.0	0.0	0.0	0.0	0.0
32	img_00223.jpg	100.0	0.0	0.0	0.0	0.0	0.0	0.0	0.0
33	img_00230.jpg	72.22	1.09	0.0	26.69	0.0	0.0	0.0	0.0
34	img_00232.jpg	0.0	100.0	0.0	0.0	0.0	0.0	0.0	0.0
35	img_00244.jpg	100.0	0.0	0.0	0.0	0.0	0.0	0.0	0.0
36	img_00272.jpg	100.0	0.0	0.0	0.0	0.0	0.0	0.0	0.0
37	img_00280.jpg	2.66	0.0	0.0	0.0	97.34	0.0	0.0	0.0
38	img_00282.jpg	100.0	0.0	0.0	0.0	0.0	0.0	0.0	0.0
39	img_00285.jpg	4.91	18.68	0.0	0.0	0.17	0.0	0.03	76.22
40	img_00289.jpg	100.0	0.0	0.0	0.0	0.0	0.0	0.0	0.0
41	img_00292.jpg	0.11	4.03	0.0	0.0	0.0	0.0	0.0	95.87
42	img_00302.jpg	0.22	5.15	0.0	0.0	0.0	0.0	0.0	94.63
43	img_00311.jpg	100.0	0.0	0.0	0.0	0.0	0.0	0.0	0.0
44	img_00320.jpg	100.0	0.0	0.0	0.0	0.0	0.0	0.0	0.0
45	img_00331.jpg	0.11	0.02	0.11	0.89	0.01	98.1	0.74	0.03
46	img_00358.jpg	1.32	11.09	0.0	0.0	0.01	0.0	0.0	87.58
47	img_00374.jpg	0.0	0.0	0.0	0.0	0.0	0.0	0.0	100.0
48	img_00375.jpg	100.0	0.0	0.0	0.0	0.0	0.0	0.0	0.0
49	img_00376.jpg	14.18	11.8	11.65	10.87	12.66	13.12	12.14	13.57
50	img_00380.jpg	100.0	0.0	0.0	0.0	0.0	0.0	0.0	0.0
51	img_00383.jpg	0.0	0.0	0.0	0.0	100.0	0.0	0.0	0.0
52	img_00398.jpg	100.0	0.0	0.0	0.0	0.0	0.0	0.0	0.0
53	img_00407.jpg	100.0	0.0	0.0	0.0	0.0	0.0	0.0	0.0
54	img_00417.jpg	100.0	0.0	0.0	0.0	0.0	0.0	0.0	0.0
55	img_00432.jpg	0.04	0.0	0.05	0.0	3.65	83.55	0.0	12.72
56	img_00442.jpg	0.0	0.0	0.0	0.0	0.0	0.0	0.0	100.0
57	img_00446.jpg	100.0	0.0	0.0	0.0	0.0	0.0	0.0	0.0
58	img_00469.jpg	100.0	0.0	0.0	0.0	0.0	0.0	0.0	0.0
59	img_00473.jpg	0.0	0.0	0.0	0.0	0.0	0.0	0.0	100.0
60	img_00483.jpg	100.0	0.0	0.0	0.0	0.0	0.0	0.0	0.0
61	img_00484.jpg	100.0	0.0	0.0	0.0	0.0	0.0	0.0	0.0
62	img_00486.jpg	100.0	0.0	0.0	0.0	0.0	0.0	0.0	0.0
63	img_00487.jpg	0.0	0.0	0.0	0.0	100.0	0.0	0.0	0.0
64	img_00493.jpg	100.0	0.0	0.0	0.0	0.0	0.0	0.0	0.0
65	img_00518.jpg	100.0	0.0	0.0	0.0	0.0	0.0	0.0	0.0
66	img_00533.jpg	0.04	2.5	0.0	0.0	0.0	0.0	0.0	97.45
67	img_00538.jpg	0.61	0.0	0.0	99.39	0.0	0.0	0.0	0.0
68	img_00543.jpg	100.0	0.0	0.0	0.0	0.0	0.0	0.0	0.0
69	img_00550.jpg	0.0	0.0	0.0	0.0	0.0	100.0	0.0	0.0
70	img_00551.jpg	99.92	0.0	0.0	0.0	0.0	0.0	0.0	0.08
71	img_00564.jpg	0.0	0.0	0.0	0.0	100.0	0.0	0.0	0.0
72	img_00575.jpg	22.19	23.5	0.03	0.56	11.82	0.41	8.45	33.03
73	img_00582.jpg	100.0	0.0	0.0	0.0	0.0	0.0	0.0	0.0
74	img_00584.jpg	100.0	0.0	0.0	0.0	0.0	0.0	0.0	0.0
75	img_00587.jpg	6.35	20.48	0.0	0.0	0.31	0.0	0.06	72.8
76	img_00590.jpg	0.05	2.54	0.0	0.0	0.0	0.0	0.0	97.42
77	img_00591.jpg	0.03	2.21	0.0	0.0	0.0	0.0	0.0	97.76
78	img_00598.jpg	100.0	0.0	0.0	0.0	0.0	0.0	0.0	0.0
79	img_00599.jpg	0.68	8.38	0.0	0.0	0.0	0.0	0.0	90.94
80	img_00612.jpg	0.0	0.0	0.0	0.0	17.61	0.05	0.0	82.34
81	img_00618.jpg	100.0	0.0	0.0	0.0	0.0	0.0	0.0	0.0
82	img_00620.jpg	100.0	0.0	0.0	0.0	0.0	0.0	0.0	0.0
83	img_00642.jpg	0.0	0.0	0.0	0.0	100.0	0.0	0.0	0.0
84	img_00646.jpg	0.0	0.0	0.0	0.0	0.0	92.99	0.0	7.01
85	img_00648.jpg	100.0	0.0	0.0	0.0	0.0	0.0	0.0	0.0
86	img_00650.jpg	0.0	0.0	0.0	0.0	0.0	0.0	0.0	100.0
87	img_00654.jpg	100.0	0.0	0.0	0.0	0.0	0.0	0.0	0.0
88	img_00664.jpg	100.0	0.0	0.0	0.0	0.0	0.0	0.0	0.0
89	img_00667.jpg	0.0	0.0	0.0	0.0	100.0	0.0	0.0	0.0
90	img_00676.jpg	0.0	0.0	0.0	0.0	100.0	0.0	0.0	0.0
91	img_00697.jpg	0.0	0.0	100.0	0.0	0.0	0.0	0.0	0.0
92	img_00708.jpg	5.97	20.04	0.0	0.0	0.27	0.0	0.05	73.68
93	img_00716.jpg	2.75	14.97	0.0	0.0	0.04	0.0	0.0	82.23
94	img_00717.jpg	100.0	0.0	0.0	0.0	0.0	0.0	0.0	0.0
95	img_00718.jpg	100.0	0.0	0.0	0.0	0.0	0.0	0.0	0.0
96	img_00723.jpg	0.0	0.0	0.0	0.0	100.0	0.0	0.0	0.0
97	img_00724.jpg	100.0	0.0	0.0	0.0	0.0	0.0	0.0	0.0
98	img_00726.jpg	100.0	0.0	0.0	0.0	0.0	0.0	0.0	0.0
99	img_00729.jpg	100.0	0.0	0.0	0.0	0.0	0.0	0.0	0.0
100	img_00730.jpg	0.02	1.64	0.0	0.0	0.0	0.0	0.0	98.34
101	img_00757.jpg	100.0	0.0	0.0	0.0	0.0	0.0	0.0	0.0
102	img_00760.jpg	100.0	0.0	0.0	0.0	0.0	0.0	0.0	0.0
103	img_00763.jpg	0.0	0.0	0.0	0.0	100.0	0.0	0.0	0.0
104	img_00764.jpg	0.0	0.0	0.0	0.0	0.0	0.0	0.0	100.0
105	img_00765.jpg	0.0	0.0	0.0	0.0	0.0	100.0	0.0	0.0
106	img_00772.jpg	0.0	0.0	0.0	0.0	0.0	0.0	0.0	100.0
107	img_00773.jpg	100.0	0.0	0.0	0.0	0.0	0.0	0.0	0.0
108	img_00777.jpg	100.0	0.0	0.0	0.0	0.0	0.0	0.0	0.0
109	img_00780.jpg	0.0	0.0	0.0	0.0	0.0	0.0	0.0	100.0
110	img_00798.jpg	100.0	0.0	0.0	0.0	0.0	0.0	0.0	0.0
111	img_00808.jpg	100.0	0.0	0.0	0.0	0.0	0.0	0.0	0.0
112	img_00816.jpg	100.0	0.0	0.0	0.0	0.0	0.0	0.0	0.0
113	img_00828.jpg	0.0	0.0	0.0	0.0	100.0	0.0	0.0	0.0
114	img_00833.jpg	1.93	18.42	0.0	0.0	0.04	0.0	2.46	77.15
115	img_00837.jpg	100.0	0.0	0.0	0.0	0.0	0.0	0.0	0.0
116	img_00855.jpg	99.81	0.0	0.0	0.19	0.0	0.0	0.0	0.0
117	img_00857.jpg	100.0	0.0	0.0	0.0	0.0	0.0	0.0	0.0
118	img_00858.jpg	0.0	100.0	0.0	0.0	0.0	0.0	0.0	0.0
119	img_00865.jpg	0.29	99.71	0.0	0.0	0.0	0.0	0.0	0.0
120	img_00876.jpg	0.0	0.0	0.0	0.0	100.0	0.0	0.0	0.0
121	img_00889.jpg	0.0	0.0	99.38	0.0	0.0	0.0	0.0	0.62
122	img_00894.jpg	0.01	0.0	0.0	0.0	99.99	0.0	0.0	0.0
123	img_00902.jpg	0.0	100.0	0.0	0.0	0.0	0.0	0.0	0.0
124	img_00914.jpg	0.0	0.0	0.0	0.0	0.0	0.0	0.0	100.0
125	img_00921.jpg	16.35	26.28	0.0	0.0	3.55	0.0	1.53	52.29
126	img_00927.jpg	0.11	3.7	0.0	0.0	0.0	0.0	0.0	96.19
127	img_00943.jpg	100.0	0.0	0.0	0.0	0.0	0.0	0.0	0.0
128	img_00948.jpg	0.0	0.0	0.0	0.0	100.0	0.0	0.0	0.0
129	img_00950.jpg	0.0	0.0	0.0	0.0	100.0	0.0	0.0	0.0
130	img_00959.jpg	100.0	0.0	0.0	0.0	0.0	0.0	0.0	0.0
131	img_00962.jpg	0.0	0.0	0.0	0.0	0.0	0.0	0.0	100.0
132	img_00964.jpg	0.0	100.0	0.0	0.0	0.0	0.0	0.0	0.0
133	img_00966.jpg	100.0	0.0	0.0	0.0	0.0	0.0	0.0	0.0
134	img_00974.jpg	0.44	4.4	64.62	0.13	9.73	0.13	0.17	20.38
135	img_00979.jpg	0.0	0.0	0.0	0.0	0.0	0.0	0.0	100.0
136	img_00982.jpg	0.0	0.0	0.0	0.0	0.0	0.0	0.0	100.0
137	img_00985.jpg	0.06	4.38	0.0	0.0	0.0	0.0	0.0	95.56
138	img_00999.jpg	2.5	14.4	0.0	0.0	0.03	0.0	0.0	83.06
139	img_01022.jpg	100.0	0.0	0.0	0.0	0.0	0.0	0.0	0.0
140	img_01031.jpg	99.78	0.0	0.0	0.0	0.0	0.22	0.0	0.0
141	img_01035.jpg	100.0	0.0	0.0	0.0	0.0	0.0	0.0	0.0
142	img_01043.jpg	0.0	0.0	0.0	0.0	100.0	0.0	0.0	0.0
143	img_01058.jpg	100.0	0.0	0.0	0.0	0.0	0.0	0.0	0.0
144	img_01059.jpg	8.35	22.43	0.0	0.0	0.6	0.0	0.14	68.48
145	img_01090.jpg	0.0	0.0	0.0	0.0	100.0	0.0	0.0	0.0
146	img_01102.jpg	0.0	100.0	0.0	0.0	0.0	0.0	0.0	0.0
147	img_01103.jpg	0.0	0.0	0.0	0.0	0.0	0.0	0.0	100.0
148	img_01116.jpg	98.5	0.2	0.0	1.3	0.0	0.0	0.0	0.0
149	img_01134.jpg	100.0	0.0	0.0	0.0	0.0	0.0	0.0	0.0
150	img_01142.jpg	100.0	0.0	0.0	0.0	0.0	0.0	0.0	0.0
151	img_01168.jpg	0.0	0.0	0.0	0.0	0.0	100.0	0.0	0.0
152	img_01171.jpg	0.0	0.0	0.0	0.0	100.0	0.0	0.0	0.0
153	img_01177.jpg	100.0	0.0	0.0	0.0	0.0	0.0	0.0	0.0
154	img_01179.jpg	98.63	0.0	0.0	1.37	0.0	0.0	0.0	0.0
155	img_01188.jpg	0.0	0.0	0.0	0.0	0.0	100.0	0.0	0.0
156	img_01198.jpg	0.0	0.0	0.0	0.0	100.0	0.0	0.0	0.0
157	img_01204.jpg	0.0	0.0	0.0	0.0	100.0	0.0	0.0	0.0
158	img_01208.jpg	0.0	0.0	0.0	0.0	100.0	0.0	0.0	0.0
159	img_01211.jpg	0.0	0.0	0.0	0.0	100.0	0.0	0.0	0.0
160	img_01213.jpg	0.0	0.0	0.0	0.0	0.0	0.0	0.0	100.0
161	img_01222.jpg	100.0	0.0	0.0	0.0	0.0	0.0	0.0	0.0
162	img_01224.jpg	0.0	0.0	0.0	0.0	0.0	0.0	0.0	100.0
163	img_01237.jpg	100.0	0.0	0.0	0.0	0.0	0.0	0.0	0.0
164	img_01249.jpg	100.0	0.0	0.0	0.0	0.0	0.0	0.0	0.0
165	img_01253.jpg	0.0	0.0	0.0	0.0	97.95	0.0	0.0	2.05
166	img_01286.jpg	100.0	0.0	0.0	0.0	0.0	0.0	0.0	0.0
167	img_01289.jpg	18.05	26.37	0.0	0.0	4.82	0.0	2.33	48.42
168	img_01325.jpg	0.0	0.0	0.0	0.0	100.0	0.0	0.0	0.0
169	img_01328.jpg	0.0	0.0	0.0	0.0	0.0	0.0	0.0	100.0
170	img_01366.jpg	100.0	0.0	0.0	0.0	0.0	0.0	0.0	0.0
171	img_01371.jpg	0.0	100.0	0.0	0.0	0.0	0.0	0.0	0.0
172	img_01373.jpg	100.0	0.0	0.0	0.0	0.0	0.0	0.0	0.0
173	img_01377.jpg	100.0	0.0	0.0	0.0	0.0	0.0	0.0	0.0
174	img_01379.jpg	100.0	0.0	0.0	0.0	0.0	0.0	0.0	0.0
175	img_01384.jpg	0.0	0.0	0.0	0.0	0.0	100.0	0.0	0.0
176	img_01388.jpg	0.0	100.0	0.0	0.0	0.0	0.0	0.0	0.0
177	img_01392.jpg	0.0	100.0	0.0	0.0	0.0	0.0	0.0	0.0
178	img_01399.jpg	0.0	100.0	0.0	0.0	0.0	0.0	0.0	0.0
179	img_01404.jpg	0.0	0.0	0.0	0.0	0.0	0.0	0.0	100.0
180	img_01405.jpg	100.0	0.0	0.0	0.0	0.0	0.0	0.0	0.0
181	img_01413.jpg	100.0	0.0	0.0	0.0	0.0	0.0	0.0	0.0
182	img_01426.jpg	4.32	92.42	0.0	0.0	0.0	0.0	0.0	3.27
183	img_01431.jpg	100.0	0.0	0.0	0.0	0.0	0.0	0.0	0.0
184	img_01441.jpg	0.0	0.0	0.0	0.0	0.0	0.0	0.0	100.0
185	img_01444.jpg	0.96	9.68	0.0	0.0	0.0	0.0	0.0	89.36
186	img_01490.jpg	0.0	0.0	0.0	0.0	0.0	0.0	0.0	100.0
187	img_01495.jpg	100.0	0.0	0.0	0.0	0.0	0.0	0.0	0.0
188	img_01505.jpg	0.0	0.0	0.0	0.0	100.0	0.0	0.0	0.0
189	img_01511.jpg	100.0	0.0	0.0	0.0	0.0	0.0	0.0	0.0
190	img_01519.jpg	21.67	24.76	0.0	0.19	9.8	0.12	6.39	37.08
191	img_01530.jpg	99.89	0.0	0.0	0.0	0.11	0.0	0.0	0.0
192	img_01537.jpg	100.0	0.0	0.0	0.0	0.0	0.0	0.0	0.0
193	img_01538.jpg	100.0	0.0	0.0	0.0	0.0	0.0	0.0	0.0
194	img_01541.jpg	0.0	0.0	0.0	0.0	100.0	0.0	0.0	0.0
195	img_01543.jpg	100.0	0.0	0.0	0.0	0.0	0.0	0.0	0.0
196	img_01548.jpg	100.0	0.0	0.0	0.0	0.0	0.0	0.0	0.0
197	img_01552.jpg	100.0	0.0	0.0	0.0	0.0	0.0	0.0	0.0
198	img_01561.jpg	0.0	0.0	0.0	0.0	100.0	0.0	0.0	0.0
199	img_01562.jpg	0.05	2.67	0.0	0.0	0.0	0.0	0.0	97.28
200	img_01571.jpg	100.0	0.0	0.0	0.0	0.0	0.0	0.0	0.0
201	img_01593.jpg	7.9	0.55	0.0	0.0	0.0	0.0	0.0	91.55
202	img_01595.jpg	0.0	0.0	0.0	0.0	100.0	0.0	0.0	0.0
203	img_01616.jpg	100.0	0.0	0.0	0.0	0.0	0.0	0.0	0.0
204	img_01618.jpg	100.0	0.0	0.0	0.0	0.0	0.0	0.0	0.0
205	img_01627.jpg	100.0	0.0	0.0	0.0	0.0	0.0	0.0	0.0
206	img_01632.jpg	100.0	0.0	0.0	0.0	0.0	0.0	0.0	0.0
207	img_01633.jpg	0.0	0.0	0.1	0.0	0.0	0.05	99.85	0.0
208	img_01640.jpg	100.0	0.0	0.0	0.0	0.0	0.0	0.0	0.0
209	img_01646.jpg	100.0	0.0	0.0	0.0	0.0	0.0	0.0	0.0
210	img_01647.jpg	0.0	0.0	0.0	0.0	100.0	0.0	0.0	0.0
211	img_01649.jpg	100.0	0.0	0.0	0.0	0.0	0.0	0.0	0.0
212	img_01657.jpg	0.0	0.0	100.0	0.0	0.0	0.0	0.0	0.0
213	img_01669.jpg	100.0	0.0	0.0	0.0	0.0	0.0	0.0	0.0
214	img_01673.jpg	100.0	0.0	0.0	0.0	0.0	0.0	0.0	0.0
215	img_01681.jpg	0.0	0.0	0.0	0.0	0.0	0.0	0.0	100.0
216	img_01684.jpg	0.0	0.0	0.0	0.0	0.0	100.0	0.0	0.0
217	img_01685.jpg	0.0	0.0	0.0	0.0	0.0	100.0	0.0	0.0
218	img_01687.jpg	0.01	1.45	0.0	0.0	0.0	0.0	0.0	98.54
219	img_01688.jpg	20.28	25.86	0.0	0.04	7.25	0.02	4.14	42.42
220	img_01689.jpg	0.0	0.0	0.0	0.0	0.0	0.0	0.0	100.0
221	img_01716.jpg	0.0	0.0	0.0	0.0	100.0	0.0	0.0	0.0
222	img_01717.jpg	0.0	0.0	0.0	0.0	100.0	0.0	0.0	0.0
223	img_01724.jpg	100.0	0.0	0.0	0.0	0.0	0.0	0.0	0.0
224	img_01745.jpg	100.0	0.0	0.0	0.0	0.0	0.0	0.0	0.0
225	img_01771.jpg	100.0	0.0	0.0	0.0	0.0	0.0	0.0	0.0
226	img_01773.jpg	0.07	3.0	0.0	0.0	0.0	0.0	0.0	96.94
227	img_01781.jpg	0.0	0.0	0.0	0.0	100.0	0.0	0.0	0.0
228	img_01782.jpg	0.0	0.0	0.0	0.0	100.0	0.0	0.0	0.0
229	img_01802.jpg	100.0	0.0	0.0	0.0	0.0	0.0	0.0	0.0
230	img_01803.jpg	0.0	100.0	0.0	0.0	0.0	0.0	0.0	0.0
231	img_01824.jpg	0.05	0.02	0.05	0.03	0.02	70.6	29.21	0.01
232	img_01825.jpg	0.0	100.0	0.0	0.0	0.0	0.0	0.0	0.0
233	img_01831.jpg	100.0	0.0	0.0	0.0	0.0	0.0	0.0	0.0
234	img_01834.jpg	0.0	0.0	0.0	0.0	0.0	0.0	0.0	100.0
235	img_01847.jpg	0.03	1.99	0.0	0.0	0.0	0.0	0.0	97.99
236	img_01853.jpg	0.08	3.36	0.0	0.0	0.0	0.0	0.0	96.56
237	img_01856.jpg	0.0	0.0	0.0	0.0	0.0	0.0	0.0	100.0
238	img_01860.jpg	14.18	11.8	11.65	10.87	12.66	13.12	12.14	13.57
239	img_01862.jpg	100.0	0.0	0.0	0.0	0.0	0.0	0.0	0.0
240	img_01874.jpg	1.5	2.12	12.04	1.79	1.08	6.27	72.88	2.3
241	img_01888.jpg	92.61	0.62	0.0	0.0	0.01	3.43	0.0	3.33
242	img_01918.jpg	0.0	0.0	0.0	0.0	0.0	0.0	0.0	100.0
243	img_01930.jpg	100.0	0.0	0.0	0.0	0.0	0.0	0.0	0.0
244	img_01932.jpg	100.0	0.0	0.0	0.0	0.0	0.0	0.0	0.0
245	img_01955.jpg	0.0	0.0	0.0	0.0	0.0	0.0	0.0	100.0
246	img_01963.jpg	0.0	0.0	0.0	0.0	0.0	0.0	0.0	100.0
247	img_01966.jpg	100.0	0.0	0.0	0.0	0.0	0.0	0.0	0.0
248	img_01976.jpg	100.0	0.0	0.0	0.0	0.0	0.0	0.0	0.0
249	img_01983.jpg	0.0	0.0	0.0	0.0	100.0	0.0	0.0	0.0
250	img_01984.jpg	100.0	0.0	0.0	0.0	0.0	0.0	0.0	0.0
251	img_01995.jpg	0.0	0.0	0.0	0.0	0.0	0.0	0.0	100.0
252	img_01996.jpg	0.0	0.0	0.0	0.0	0.0	0.0	0.0	100.0
253	img_02001.jpg	21.55	24.92	0.0	0.16	9.5	0.1	6.1	37.68
254	img_02006.jpg	100.0	0.0	0.0	0.0	0.0	0.0	0.0	0.0
255	img_02066.jpg	100.0	0.0	0.0	0.0	0.0	0.0	0.0	0.0
256	img_02074.jpg	100.0	0.0	0.0	0.0	0.0	0.0	0.0	0.0
257	img_02076.jpg	100.0	0.0	0.0	0.0	0.0	0.0	0.0	0.0
258	img_02077.jpg	0.0	0.0	0.0	100.0	0.0	0.0	0.0	0.0
259	img_02078.jpg	0.0	0.0	0.0	0.0	0.0	0.0	0.0	100.0
260	img_02082.jpg	100.0	0.0	0.0	0.0	0.0	0.0	0.0	0.0
261	img_02083.jpg	14.18	11.8	11.65	10.87	12.66	13.12	12.14	13.57
262	img_02096.jpg	100.0	0.0	0.0	0.0	0.0	0.0	0.0	0.0
263	img_02119.jpg	100.0	0.0	0.0	0.0	0.0	0.0	0.0	0.0
264	img_02124.jpg	0.0	0.0	0.0	0.0	0.0	100.0	0.0	0.0
265	img_02135.jpg	0.0	0.0	0.0	0.0	100.0	0.0	0.0	0.0
266	img_02146.jpg	100.0	0.0	0.0	0.0	0.0	0.0	0.0	0.0
267	img_02159.jpg	100.0	0.0	0.0	0.0	0.0	0.0	0.0	0.0
268	img_02172.jpg	100.0	0.0	0.0	0.0	0.0	0.0	0.0	0.0
269	img_02180.jpg	14.18	11.8	11.65	10.87	12.66	13.12	12.14	13.57
270	img_02188.jpg	0.11	3.76	0.0	0.0	0.0	0.0	0.0	96.13
271	img_02194.jpg	100.0	0.0	0.0	0.0	0.0	0.0	0.0	0.0
272	img_02209.jpg	0.0	0.0	0.0	0.0	0.0	0.13	99.87	0.0
273	img_02216.jpg	0.0	100.0	0.0	0.0	0.0	0.0	0.0	0.0
274	img_02231.jpg	100.0	0.0	0.0	0.0	0.0	0.0	0.0	0.0
275	img_02235.jpg	3.11	0.0	0.0	0.0	0.0	0.0	82.01	14.88
276	img_02252.jpg	100.0	0.0	0.0	0.0	0.0	0.0	0.0	0.0
277	img_02268.jpg	100.0	0.0	0.0	0.0	0.0	0.0	0.0	0.0
278	img_02270.jpg	100.0	0.0	0.0	0.0	0.0	0.0	0.0	0.0
279	img_02281.jpg	100.0	0.0	0.0	0.0	0.0	0.0	0.0	0.0
280	img_02282.jpg	0.0	0.0	0.0	0.0	0.0	100.0	0.0	0.0
281	img_02285.jpg	100.0	0.0	0.0	0.0	0.0	0.0	0.0	0.0
282	img_02291.jpg	100.0	0.0	0.0	0.0	0.0	0.0	0.0	0.0
283	img_02299.jpg	100.0	0.0	0.0	0.0	0.0	0.0	0.0	0.0
284	img_02305.jpg	0.0	0.0	0.0	0.0	0.0	0.0	0.0	100.0
285	img_02307.jpg	0.08	3.27	0.0	0.0	0.0	0.0	0.0	96.65
286	img_02309.jpg	0.0	0.0	0.0	0.0	100.0	0.0	0.0	0.0
287	img_02318.jpg	0.0	0.0	0.0	0.0	0.0	0.0	0.0	100.0
288	img_02347.jpg	14.92	0.0	0.0	0.0	85.08	0.0	0.0	0.0
289	img_02356.jpg	0.0	0.0	0.0	0.0	0.0	0.0	0.0	100.0
290	img_02367.jpg	100.0	0.0	0.0	0.0	0.0	0.0	0.0	0.0
291	img_02372.jpg	0.0	0.0	0.0	0.0	100.0	0.0	0.0	0.0
292	img_02379.jpg	0.0	0.0	0.0	0.0	0.0	0.0	0.0	100.0
293	img_02384.jpg	16.49	14.08	6.95	8.86	13.96	10.15	12.98	16.53
294	img_02398.jpg	0.0	0.0	0.0	100.0	0.0	0.0	0.0	0.0
295	img_02400.jpg	100.0	0.0	0.0	0.0	0.0	0.0	0.0	0.0
296	img_02406.jpg	0.0	0.0	0.0	100.0	0.0	0.0	0.0	0.0
297	img_02412.jpg	100.0	0.0	0.0	0.0	0.0	0.0	0.0	0.0
298	img_02416.jpg	0.0	0.0	0.0	0.0	0.0	0.0	0.0	100.0
299	img_02422.jpg	0.4	6.63	0.0	0.0	0.0	0.0	0.0	92.97
300	img_02479.jpg	0.0	0.0	0.0	0.0	100.0	0.0	0.0	0.0
301	img_02486.jpg	100.0	0.0	0.0	0.0	0.0	0.0	0.0	0.0
302	img_02487.jpg	100.0	0.0	0.0	0.0	0.0	0.0	0.0	0.0
303	img_02507.jpg	0.0	0.0	0.0	0.0	0.0	100.0	0.0	0.0
304	img_02522.jpg	100.0	0.0	0.0	0.0	0.0	0.0	0.0	0.0
305	img_02540.jpg	19.41	0.06	0.07	0.05	50.94	5.15	8.73	15.6
306	img_02546.jpg	0.0	0.0	0.0	0.0	49.82	0.0	0.0	50.18
307	img_02556.jpg	0.02	1.89	0.0	0.0	0.0	0.0	0.0	98.08
308	img_02560.jpg	0.0	0.0	0.0	0.0	100.0	0.0	0.0	0.0
309	img_02563.jpg	0.0	0.0	0.0	0.0	100.0	0.0	0.0	0.0
310	img_02565.jpg	11.02	24.34	0.0	0.0	1.21	0.0	0.35	63.07
311	img_02573.jpg	0.0	0.0	0.0	0.0	0.0	0.0	0.0	100.0
312	img_02574.jpg	100.0	0.0	0.0	0.0	0.0	0.0	0.0	0.0
313	img_02602.jpg	100.0	0.0	0.0	0.0	0.0	0.0	0.0	0.0
314	img_02607.jpg	100.0	0.0	0.0	0.0	0.0	0.0	0.0	0.0
315	img_02622.jpg	0.58	7.79	0.0	0.0	0.0	0.0	0.0	91.63
316	img_02625.jpg	0.0	0.0	0.16	0.0	0.0	0.0	0.0	99.84
317	img_02636.jpg	0.0	0.0	0.0	0.0	0.0	0.0	0.0	100.0
318	img_02638.jpg	100.0	0.0	0.0	0.0	0.0	0.0	0.0	0.0
319	img_02641.jpg	100.0	0.0	0.0	0.0	0.0	0.0	0.0	0.0
320	img_02646.jpg	0.0	0.0	100.0	0.0	0.0	0.0	0.0	0.0
321	img_02648.jpg	0.0	0.0	99.95	0.0	0.0	0.0	0.0	0.05
322	img_02651.jpg	100.0	0.0	0.0	0.0	0.0	0.0	0.0	0.0
323	img_02656.jpg	3.23	0.0	31.94	7.43	41.24	0.46	0.0	15.71
324	img_02666.jpg	100.0	0.0	0.0	0.0	0.0	0.0	0.0	0.0
325	img_02679.jpg	0.0	0.0	0.0	0.0	100.0	0.0	0.0	0.0
326	img_02687.jpg	0.0	0.0	0.0	0.0	0.0	0.0	0.0	100.0
327	img_02699.jpg	100.0	0.0	0.0	0.0	0.0	0.0	0.0	0.0
328	img_02702.jpg	100.0	0.0	0.0	0.0	0.0	0.0	0.0	0.0
329	img_02703.jpg	0.0	0.0	0.0	0.0	0.0	0.0	0.0	100.0
330	img_02709.jpg	100.0	0.0	0.0	0.0	0.0	0.0	0.0	0.0
331	img_02726.jpg	0.0	0.0	0.0	0.0	100.0	0.0	0.0	0.0
332	img_02733.jpg	100.0	0.0	0.0	0.0	0.0	0.0	0.0	0.0
333	img_02734.jpg	100.0	0.0	0.0	0.0	0.0	0.0	0.0	0.0
334	img_02739.jpg	0.0	0.0	0.0	0.0	100.0	0.0	0.0	0.0
335	img_02749.jpg	100.0	0.0	0.0	0.0	0.0	0.0	0.0	0.0
336	img_02759.jpg	0.0	0.0	0.0	0.0	0.0	0.0	0.0	100.0
337	img_02764.jpg	100.0	0.0	0.0	0.0	0.0	0.0	0.0	0.0
338	img_02766.jpg	100.0	0.0	0.0	0.0	0.0	0.0	0.0	0.0
339	img_02769.jpg	0.0	0.0	0.0	0.0	0.0	0.0	0.0	100.0
340	img_02771.jpg	100.0	0.0	0.0	0.0	0.0	0.0	0.0	0.0
341	img_02789.jpg	100.0	0.0	0.0	0.0	0.0	0.0	0.0	0.0
342	img_02799.jpg	0.0	0.0	0.0	0.0	100.0	0.0	0.0	0.0
343	img_02808.jpg	100.0	0.0	0.0	0.0	0.0	0.0	0.0	0.0
344	img_02811.jpg	100.0	0.0	0.0	0.0	0.0	0.0	0.0	0.0
345	img_02830.jpg	1.37	11.25	0.0	0.0	0.01	0.0	0.0	87.37
346	img_02834.jpg	0.1	3.61	0.0	0.0	0.0	0.0	0.0	96.29
347	img_02837.jpg	0.0	100.0	0.0	0.0	0.0	0.0	0.0	0.0
348	img_02838.jpg	100.0	0.0	0.0	0.0	0.0	0.0	0.0	0.0
349	img_02842.jpg	0.0	0.0	0.0	0.0	0.0	100.0	0.0	0.0
350	img_02857.jpg	100.0	0.0	0.0	0.0	0.0	0.0	0.0	0.0
351	img_02865.jpg	0.0	0.0	0.0	0.0	100.0	0.0	0.0	0.0
352	img_02871.jpg	2.81	15.09	0.0	0.0	0.05	0.0	0.0	82.06
353	img_02876.jpg	0.0	0.0	0.0	0.0	100.0	0.0	0.0	0.0
354	img_02889.jpg	100.0	0.0	0.0	0.0	0.0	0.0	0.0	0.0
355	img_02890.jpg	100.0	0.0	0.0	0.0	0.0	0.0	0.0	0.0
356	img_02899.jpg	100.0	0.0	0.0	0.0	0.0	0.0	0.0	0.0
357	img_02904.jpg	100.0	0.0	0.0	0.0	0.0	0.0	0.0	0.0
358	img_02911.jpg	100.0	0.0	0.0	0.0	0.0	0.0	0.0	0.0
359	img_02916.jpg	99.37	0.0	0.0	0.0	0.0	0.63	0.0	0.0
360	img_02920.jpg	100.0	0.0	0.0	0.0	0.0	0.0	0.0	0.0
361	img_02943.jpg	100.0	0.0	0.0	0.0	0.0	0.0	0.0	0.0
362	img_02949.jpg	100.0	0.0	0.0	0.0	0.0	0.0	0.0	0.0
363	img_02954.jpg	99.01	0.99	0.0	0.0	0.0	0.0	0.0	0.0
364	img_02956.jpg	0.0	0.0	0.0	0.0	0.0	0.0	0.0	100.0
365	img_02964.jpg	0.0	0.0	0.0	0.0	0.0	0.0	0.0	100.0
366	img_02974.jpg	100.0	0.0	0.0	0.0	0.0	0.0	0.0	0.0
367	img_02977.jpg	0.0	100.0	0.0	0.0	0.0	0.0	0.0	0.0
368	img_02993.jpg	0.0	0.0	0.0	0.0	0.0	0.0	0.0	100.0
369	img_03014.jpg	0.0	0.0	0.0	0.0	100.0	0.0	0.0	0.0
370	img_03043.jpg	0.0	0.0	0.0	0.0	0.0	0.0	0.0	100.0
371	img_03055.jpg	100.0	0.0	0.0	0.0	0.0	0.0	0.0	0.0
372	img_03064.jpg	14.18	11.8	11.65	10.87	12.66	13.12	12.14	13.57
373	img_03069.jpg	0.03	2.04	0.0	0.0	0.0	0.0	0.0	97.93
374	img_03074.jpg	100.0	0.0	0.0	0.0	0.0	0.0	0.0	0.0
375	img_03078.jpg	99.45	0.0	0.0	0.55	0.0	0.0	0.0	0.0
376	img_03080.jpg	0.0	0.0	0.0	0.0	0.0	0.0	0.0	100.0
377	img_03082.jpg	0.0	100.0	0.0	0.0	0.0	0.0	0.0	0.0
378	img_03087.jpg	0.0	0.0	0.0	0.0	100.0	0.0	0.0	0.0
379	img_03116.jpg	0.0	0.0	0.0	0.0	100.0	0.0	0.0	0.0
380	img_03128.jpg	0.68	8.36	0.0	0.0	0.0	0.0	0.0	90.96
381	img_03135.jpg	0.02	1.86	0.0	0.0	0.0	0.0	0.0	98.12
382	img_03140.jpg	100.0	0.0	0.0	0.0	0.0	0.0	0.0	0.0
383	img_03166.jpg	100.0	0.0	0.0	0.0	0.0	0.0	0.0	0.0
384	img_03169.jpg	0.0	0.0	0.0	0.0	0.0	0.0	0.0	100.0
385	img_03181.jpg	0.0	43.23	0.0	0.0	0.0	56.77	0.0	0.0
386	img_03195.jpg	14.18	11.8	11.65	10.87	12.66	13.12	12.14	13.57
387	img_03199.jpg	0.15	4.38	0.0	0.0	0.0	0.0	0.0	95.46
388	img_03210.jpg	0.0	0.0	100.0	0.0	0.0	0.0	0.0	0.0
389	img_03220.jpg	100.0	0.0	0.0	0.0	0.0	0.0	0.0	0.0
390	img_03222.jpg	100.0	0.0	0.0	0.0	0.0	0.0	0.0	0.0
391	img_03223.jpg	0.0	100.0	0.0	0.0	0.0	0.0	0.0	0.0
392	img_03228.jpg	100.0	0.0	0.0	0.0	0.0	0.0	0.0	0.0
393	img_03229.jpg	0.17	5.93	0.0	0.0	0.0	0.0	0.0	93.9
394	img_03231.jpg	99.99	0.0	0.0	0.0	0.0	0.01	0.0	0.0
395	img_03238.jpg	1.11	10.32	0.0	0.0	0.01	0.0	0.0	88.57
396	img_03239.jpg	0.0	100.0	0.0	0.0	0.0	0.0	0.0	0.0
397	img_03252.jpg	100.0	0.0	0.0	0.0	0.0	0.0	0.0	0.0
398	img_03254.jpg	0.0	0.0	0.0	0.0	0.0	100.0	0.0	0.0
399	img_03260.jpg	100.0	0.0	0.0	0.0	0.0	0.0	0.0	0.0
400	img_03261.jpg	100.0	0.0	0.0	0.0	0.0	0.0	0.0	0.0
401	img_03270.jpg	0.0	0.0	0.0	0.0	0.0	0.0	0.0	100.0
402	img_03283.jpg	100.0	0.0	0.0	0.0	0.0	0.0	0.0	0.0
403	img_03290.jpg	0.03	2.25	0.0	0.0	0.0	0.0	0.0	97.72
404	img_03297.jpg	100.0	0.0	0.0	0.0	0.0	0.0	0.0	0.0
405	img_03310.jpg	100.0	0.0	0.0	0.0	0.0	0.0	0.0	0.0
406	img_03312.jpg	100.0	0.0	0.0	0.0	0.0	0.0	0.0	0.0
407	img_03324.jpg	0.0	0.0	0.0	0.0	0.0	0.0	0.0	100.0
408	img_03333.jpg	0.0	0.0	0.0	0.0	0.0	0.0	0.0	100.0
409	img_03342.jpg	7.64	21.8	0.0	0.0	0.48	0.0	0.1	69.97
410	img_03346.jpg	100.0	0.0	0.0	0.0	0.0	0.0	0.0	0.0
411	img_03355.jpg	0.05	2.57	0.0	0.0	0.0	0.0	0.0	97.39
412	img_03361.jpg	0.0	100.0	0.0	0.0	0.0	0.0	0.0	0.0
413	img_03370.jpg	12.75	25.22	0.0	0.0	1.77	0.0	0.59	59.67
414	img_03399.jpg	100.0	0.0	0.0	0.0	0.0	0.0	0.0	0.0
415	img_03410.jpg	0.0	0.0	0.0	0.0	100.0	0.0	0.0	0.0
416	img_03422.jpg	100.0	0.0	0.0	0.0	0.0	0.0	0.0	0.0
417	img_03426.jpg	100.0	0.0	0.0	0.0	0.0	0.0	0.0	0.0
418	img_03439.jpg	100.0	0.0	0.0	0.0	0.0	0.0	0.0	0.0
419	img_03440.jpg	0.0	0.0	0.0	0.0	0.0	0.0	0.0	100.0
420	img_03444.jpg	0.0	100.0	0.0	0.0	0.0	0.0	0.0	0.0
421	img_03445.jpg	100.0	0.0	0.0	0.0	0.0	0.0	0.0	0.0
422	img_03446.jpg	0.0	100.0	0.0	0.0	0.0	0.0	0.0	0.0
423	img_03452.jpg	11.87	88.13	0.0	0.0	0.0	0.0	0.0	0.0
424	img_03454.jpg	100.0	0.0	0.0	0.0	0.0	0.0	0.0	0.0
425	img_03456.jpg	0.0	0.0	0.0	0.0	100.0	0.0	0.0	0.0
426	img_03457.jpg	100.0	0.0	0.0	0.0	0.0	0.0	0.0	0.0
427	img_03471.jpg	0.0	0.0	0.0	0.0	0.0	0.0	0.0	100.0
428	img_03475.jpg	100.0	0.0	0.0	0.0	0.0	0.0	0.0	0.0
429	img_03488.jpg	100.0	0.0	0.0	0.0	0.0	0.0	0.0	0.0
430	img_03490.jpg	0.0	0.0	0.0	0.0	0.0	0.0	0.0	100.0
431	img_03502.jpg	5.46	19.42	0.0	0.0	0.22	0.0	0.04	74.87
432	img_03504.jpg	0.0	100.0	0.0	0.0	0.0	0.0	0.0	0.0
433	img_03520.jpg	100.0	0.0	0.0	0.0	0.0	0.0	0.0	0.0
434	img_03527.jpg	0.0	0.0	0.0	0.0	0.0	0.0	0.0	100.0
435	img_03547.jpg	100.0	0.0	0.0	0.0	0.0	0.0	0.0	0.0
436	img_03548.jpg	1.8	12.62	0.0	0.0	0.02	0.0	0.0	85.56
437	img_03554.jpg	0.0	0.0	0.0	0.0	100.0	0.0	0.0	0.0
438	img_03563.jpg	0.0	0.0	0.0	0.0	0.0	0.0	0.0	100.0
439	img_03581.jpg	100.0	0.0	0.0	0.0	0.0	0.0	0.0	0.0
440	img_03584.jpg	0.0	0.0	0.0	0.0	0.0	0.0	0.0	100.0
441	img_03587.jpg	0.02	1.64	0.0	0.0	0.0	0.0	0.0	98.34
442	img_03588.jpg	0.0	0.0	0.0	0.0	0.0	0.0	0.0	100.0
443	img_03602.jpg	0.0	0.0	0.0	0.0	0.0	100.0	0.0	0.0
444	img_03627.jpg	100.0	0.0	0.0	0.0	0.0	0.0	0.0	0.0
445	img_03628.jpg	0.0	0.0	0.0	0.0	0.0	0.0	0.0	100.0
446	img_03652.jpg	100.0	0.0	0.0	0.0	0.0	0.0	0.0	0.0
447	img_03670.jpg	100.0	0.0	0.0	0.0	0.0	0.0	0.0	0.0
448	img_03674.jpg	0.0	0.0	0.0	0.0	100.0	0.0	0.0	0.0
449	img_03677.jpg	58.99	7.88	0.0	33.07	0.03	0.0	0.0	0.02
450	img_03711.jpg	100.0	0.0	0.0	0.0	0.0	0.0	0.0	0.0
451	img_03715.jpg	0.0	85.34	0.0	0.0	0.0	0.0	0.0	14.66
452	img_03718.jpg	99.9	0.0	0.0	0.0	0.0	0.0	0.0	0.1
453	img_03726.jpg	0.0	0.0	0.0	0.0	0.0	0.0	0.0	100.0
454	img_03739.jpg	0.0	0.0	0.0	0.0	0.0	0.0	0.0	100.0
455	img_03749.jpg	3.43	16.32	0.0	0.0	0.07	0.0	0.01	80.16
456	img_03750.jpg	1.15	10.45	0.0	0.0	0.01	0.0	0.0	88.4
457	img_03760.jpg	0.0	0.0	0.0	0.0	0.0	0.0	0.0	100.0
458	img_03764.jpg	0.0	100.0	0.0	0.0	0.0	0.0	0.0	0.0
459	img_03776.jpg	100.0	0.0	0.0	0.0	0.0	0.0	0.0	0.0
460	img_03801.jpg	100.0	0.0	0.0	0.0	0.0	0.0	0.0	0.0
461	img_03805.jpg	14.18	11.8	11.65	10.87	12.66	13.12	12.14	13.57
462	img_03809.jpg	0.02	0.48	0.0	0.0	0.0	0.0	0.0	99.5
463	img_03825.jpg	100.0	0.0	0.0	0.0	0.0	0.0	0.0	0.0
464	img_03831.jpg	0.0	0.0	0.0	0.0	0.0	0.0	0.0	100.0
465	img_03837.jpg	100.0	0.0	0.0	0.0	0.0	0.0	0.0	0.0
466	img_03847.jpg	0.0	0.0	0.0	0.0	0.0	100.0	0.0	0.0
467	img_03853.jpg	100.0	0.0	0.0	0.0	0.0	0.0	0.0	0.0
468	img_03866.jpg	100.0	0.0	0.0	0.0	0.0	0.0	0.0	0.0
469	img_03867.jpg	0.0	0.0	0.0	0.0	100.0	0.0	0.0	0.0
470	img_03869.jpg	100.0	0.0	0.0	0.0	0.0	0.0	0.0	0.0
471	img_03871.jpg	0.0	0.0	100.0	0.0	0.0	0.0	0.0	0.0
472	img_03886.jpg	100.0	0.0	0.0	0.0	0.0	0.0	0.0	0.0
473	img_03891.jpg	91.52	0.02	0.0	8.46	0.0	0.0	0.0	0.0
474	img_03892.jpg	0.3	5.89	0.0	0.0	0.0	0.0	0.0	93.81
475	img_03896.jpg	100.0	0.0	0.0	0.0	0.0	0.0	0.0	0.0
476	img_03923.jpg	0.0	0.0	0.0	0.0	100.0	0.0	0.0	0.0
477	img_03924.jpg	0.0	0.0	0.0	0.0	100.0	0.0	0.0	0.0
478	img_03928.jpg	0.06	2.84	0.0	0.0	0.0	0.0	0.0	97.1
479	img_03929.jpg	0.0	0.0	0.0	0.0	0.0	0.0	0.0	100.0
480	img_03931.jpg	100.0	0.0	0.0	0.0	0.0	0.0	0.0	0.0
481	img_03935.jpg	0.0	0.0	0.0	0.0	0.0	0.0	0.0	100.0
482	img_03941.jpg	99.92	0.0	0.0	0.0	0.0	0.0	0.0	0.08
483	img_03942.jpg	100.0	0.0	0.0	0.0	0.0	0.0	0.0	0.0
484	img_03943.jpg	0.0	0.0	0.0	0.0	0.0	0.0	0.0	100.0
485	img_03945.jpg	0.0	0.0	0.0	0.0	0.0	100.0	0.0	0.0
486	img_03946.jpg	98.84	0.0	0.0	0.0	0.0	0.0	0.0	1.16
487	img_03952.jpg	100.0	0.0	0.0	0.0	0.0	0.0	0.0	0.0
488	img_03967.jpg	100.0	0.0	0.0	0.0	0.0	0.0	0.0	0.0
489	img_03974.jpg	99.89	0.0	0.0	0.0	0.11	0.0	0.0	0.0
490	img_03992.jpg	0.0	0.0	0.0	0.0	100.0	0.0	0.0	0.0
491	img_03995.jpg	0.0	0.0	0.0	0.0	0.0	0.0	0.0	100.0
492	img_03996.jpg	100.0	0.0	0.0	0.0	0.0	0.0	0.0	0.0
493	img_04001.jpg	100.0	0.0	0.0	0.0	0.0	0.0	0.0	0.0
494	img_04002.jpg	0.0	0.0	0.0	0.0	0.0	100.0	0.0	0.0
495	img_04003.jpg	100.0	0.0	0.0	0.0	0.0	0.0	0.0	0.0
496	img_04004.jpg	100.0	0.0	0.0	0.0	0.0	0.0	0.0	0.0
497	img_04013.jpg	0.0	0.0	0.0	0.0	0.0	0.0	0.0	100.0
498	img_04015.jpg	100.0	0.0	0.0	0.0	0.0	0.0	0.0	0.0
499	img_04024.jpg	3.05	15.58	0.0	0.0	0.06	0.0	0.01	81.31
500	img_04036.jpg	0.08	3.34	0.0	0.0	0.0	0.0	0.0	96.58
501	img_04037.jpg	17.01	26.35	0.0	0.0	4.0	0.0	1.8	50.84
502	img_04044.jpg	100.0	0.0	0.0	0.0	0.0	0.0	0.0	0.0
503	img_04061.jpg	0.96	9.72	0.0	0.0	0.0	0.0	0.0	89.32
504	img_04069.jpg	100.0	0.0	0.0	0.0	0.0	0.0	0.0	0.0
505	img_04073.jpg	0.0	0.0	0.0	0.0	0.0	0.0	0.0	100.0
506	img_04076.jpg	73.79	25.44	0.0	0.0	0.25	0.01	0.0	0.5
507	img_04101.jpg	100.0	0.0	0.0	0.0	0.0	0.0	0.0	0.0
508	img_04115.jpg	0.19	4.77	0.0	0.0	0.0	0.0	0.0	95.04
509	img_04118.jpg	0.0	100.0	0.0	0.0	0.0	0.0	0.0	0.0
510	img_04126.jpg	0.11	0.0	0.0	0.0	99.89	0.0	0.0	0.0
511	img_04127.jpg	0.44	6.93	0.0	0.0	0.0	0.0	0.0	92.63
512	img_04128.jpg	0.0	100.0	0.0	0.0	0.0	0.0	0.0	0.0
513	img_04129.jpg	100.0	0.0	0.0	0.0	0.0	0.0	0.0	0.0
514	img_04130.jpg	100.0	0.0	0.0	0.0	0.0	0.0	0.0	0.0
515	img_04136.jpg	100.0	0.0	0.0	0.0	0.0	0.0	0.0	0.0
516	img_04138.jpg	0.0	0.0	0.0	0.0	100.0	0.0	0.0	0.0
517	img_04145.jpg	21.36	25.12	0.0	0.12	9.09	0.07	5.72	38.52
518	img_04156.jpg	100.0	0.0	0.0	0.0	0.0	0.0	0.0	0.0
519	img_04181.jpg	100.0	0.0	0.0	0.0	0.0	0.0	0.0	0.0
520	img_04183.jpg	0.0	0.0	0.0	0.0	0.0	0.0	0.0	100.0
521	img_04204.jpg	0.0	0.0	0.0	0.0	0.0	0.0	0.0	100.0
522	img_04221.jpg	100.0	0.0	0.0	0.0	0.0	0.0	0.0	0.0
523	img_04233.jpg	0.0	0.0	0.0	0.0	0.0	0.0	0.0	100.0
524	img_04237.jpg	0.0	100.0	0.0	0.0	0.0	0.0	0.0	0.0
525	img_04240.jpg	4.0	17.3	0.0	0.0	0.1	0.0	0.01	78.58
526	img_04247.jpg	100.0	0.0	0.0	0.0	0.0	0.0	0.0	0.0
527	img_04250.jpg	14.18	11.8	11.65	10.87	12.66	13.12	12.14	13.57
528	img_04257.jpg	0.0	0.0	0.0	0.0	100.0	0.0	0.0	0.0
529	img_04261.jpg	0.0	100.0	0.0	0.0	0.0	0.0	0.0	0.0
530	img_04263.jpg	100.0	0.0	0.0	0.0	0.0	0.0	0.0	0.0
531	img_04266.jpg	0.0	0.0	41.7	0.0	0.0	51.99	0.0	6.31
532	img_04268.jpg	2.5	14.41	0.0	0.0	0.04	0.0	0.0	83.04
533	img_04271.jpg	0.0	0.0	0.0	0.0	100.0	0.0	0.0	0.0
534	img_04272.jpg	0.0	0.0	0.0	0.0	0.0	0.0	0.0	100.0
535	img_04282.jpg	2.13	13.52	0.0	0.0	0.02	0.0	0.0	84.32
536	img_04285.jpg	0.76	8.8	0.0	0.0	0.0	0.0	0.0	90.43
537	img_04306.jpg	100.0	0.0	0.0	0.0	0.0	0.0	0.0	0.0
538	img_04310.jpg	100.0	0.0	0.0	0.0	0.0	0.0	0.0	0.0
539	img_04321.jpg	0.01	1.46	0.0	0.0	0.0	0.0	0.0	98.53
540	img_04323.jpg	100.0	0.0	0.0	0.0	0.0	0.0	0.0	0.0
541	img_04324.jpg	0.0	0.0	0.0	0.0	100.0	0.0	0.0	0.0
542	img_04341.jpg	100.0	0.0	0.0	0.0	0.0	0.0	0.0	0.0
543	img_04369.jpg	2.33	3.07	13.71	2.62	1.72	7.94	65.24	3.36
544	img_04370.jpg	100.0	0.0	0.0	0.0	0.0	0.0	0.0	0.0
545	img_04375.jpg	0.0	0.0	0.0	0.0	100.0	0.0	0.0	0.0
546	img_04382.jpg	0.0	100.0	0.0	0.0	0.0	0.0	0.0	0.0
547	img_04386.jpg	0.04	0.1	3.05	0.08	0.03	0.77	95.82	0.11
548	img_04390.jpg	0.0	0.0	0.0	0.0	0.0	0.0	0.0	100.0
549	img_04405.jpg	0.06	2.96	0.0	0.0	0.0	0.0	0.0	96.97
550	img_04408.jpg	0.0	0.0	0.0	0.0	0.0	0.0	0.0	100.0
551	img_04410.jpg	100.0	0.0	0.0	0.0	0.0	0.0	0.0	0.0
552	img_04415.jpg	100.0	0.0	0.0	0.0	0.0	0.0	0.0	0.0
553	img_04419.jpg	0.0	0.0	0.0	0.0	100.0	0.0	0.0	0.0
554	img_04422.jpg	4.67	49.04	0.0	0.0	0.0	0.0	0.0	46.29
555	img_04423.jpg	100.0	0.0	0.0	0.0	0.0	0.0	0.0	0.0
556	img_04425.jpg	100.0	0.0	0.0	0.0	0.0	0.0	0.0	0.0
557	img_04427.jpg	0.1	3.64	0.0	0.0	0.0	0.0	0.0	96.26
558	img_04432.jpg	0.0	0.0	0.0	0.0	100.0	0.0	0.0	0.0
559	img_04453.jpg	0.0	0.0	0.0	0.0	100.0	0.0	0.0	0.0
560	img_04461.jpg	100.0	0.0	0.0	0.0	0.0	0.0	0.0	0.0
561	img_04476.jpg	1.26	10.87	0.0	0.0	0.01	0.0	0.0	87.86
562	img_04478.jpg	96.68	3.32	0.0	0.0	0.0	0.0	0.0	0.0
563	img_04479.jpg	0.0	0.0	0.0	0.0	0.0	83.39	16.61	0.0
564	img_04482.jpg	67.86	0.0	0.0	0.0	0.0	32.14	0.0	0.0
565	img_04496.jpg	0.0	0.0	0.0	0.0	0.0	0.0	0.0	100.0
566	img_04503.jpg	0.0	0.0	0.0	0.0	100.0	0.0	0.0	0.0
567	img_04507.jpg	0.0	0.0	0.0	0.0	0.0	0.0	0.0	100.0
568	img_04511.jpg	0.0	0.0	0.0	0.0	0.0	100.0	0.0	0.0
569	img_04520.jpg	100.0	0.0	0.0	0.0	0.0	0.0	0.0	0.0
570	img_04532.jpg	88.64	0.6	0.0	0.0	0.01	7.6	0.0	3.15
571	img_04546.jpg	0.0	0.0	0.0	0.0	0.0	0.0	0.0	100.0
572	img_04554.jpg	0.0	100.0	0.0	0.0	0.0	0.0	0.0	0.0
573	img_04559.jpg	0.0	0.0	0.0	0.0	0.0	0.0	0.0	100.0
574	img_04562.jpg	0.0	0.0	0.0	0.0	0.0	0.0	0.0	100.0
575	img_04563.jpg	0.0	0.0	0.0	0.0	0.0	0.0	0.0	100.0
576	img_04585.jpg	0.0	0.0	0.0	0.0	100.0	0.0	0.0	0.0
577	img_04586.jpg	100.0	0.0	0.0	0.0	0.0	0.0	0.0	0.0
578	img_04603.jpg	100.0	0.0	0.0	0.0	0.0	0.0	0.0	0.0
579	img_04624.jpg	0.0	0.0	0.0	0.0	0.0	100.0	0.0	0.0
580	img_04629.jpg	100.0	0.0	0.0	0.0	0.0	0.0	0.0	0.0
581	img_04640.jpg	16.11	26.25	0.0	0.0	3.4	0.0	1.44	52.79
582	img_04642.jpg	0.0	0.0	0.0	0.0	100.0	0.0	0.0	0.0
583	img_04647.jpg	0.0	0.0	0.0	0.0	100.0	0.0	0.0	0.0
584	img_04657.jpg	100.0	0.0	0.0	0.0	0.0	0.0	0.0	0.0
585	img_04661.jpg	100.0	0.0	0.0	0.0	0.0	0.0	0.0	0.0
586	img_04671.jpg	2.52	14.46	0.0	0.0	0.04	0.0	0.0	82.98
587	img_04675.jpg	0.0	100.0	0.0	0.0	0.0	0.0	0.0	0.0
588	img_04696.jpg	0.0	0.0	0.0	0.0	100.0	0.0	0.0	0.0
589	img_04705.jpg	0.0	0.0	0.0	0.0	0.0	0.0	0.0	100.0
590	img_04712.jpg	0.0	0.0	99.52	0.0	0.0	0.0	0.0	0.48
591	img_04719.jpg	14.18	11.8	11.65	10.87	12.66	13.12	12.14	13.57
592	img_04723.jpg	0.0	100.0	0.0	0.0	0.0	0.0	0.0	0.0
593	img_04726.jpg	0.0	0.0	0.0	0.0	100.0	0.0	0.0	0.0
594	img_04740.jpg	15.95	8.6	6.23	8.44	14.53	23.6	11.23	11.41
595	img_04750.jpg	0.0	0.0	0.0	0.0	100.0	0.0	0.0	0.0
596	img_04752.jpg	0.0	0.0	0.0	100.0	0.0	0.0	0.0	0.0
597	img_04757.jpg	22.21	22.54	0.09	1.03	12.97	0.82	9.77	30.57
598	img_04766.jpg	0.15	4.37	0.0	0.0	0.0	0.0	0.0	95.48
599	img_04795.jpg	0.35	8.61	0.0	0.0	0.0	0.0	0.0	91.04
600	img_04811.jpg	0.0	0.0	100.0	0.0	0.0	0.0	0.0	0.0
601	img_04814.jpg	0.0	0.0	100.0	0.0	0.0	0.0	0.0	0.0
602	img_04830.jpg	100.0	0.0	0.0	0.0	0.0	0.0	0.0	0.0
603	img_04835.jpg	21.45	25.03	0.0	0.14	9.28	0.08	5.9	38.11
604	img_04856.jpg	100.0	0.0	0.0	0.0	0.0	0.0	0.0	0.0
605	img_04860.jpg	100.0	0.0	0.0	0.0	0.0	0.0	0.0	0.0
606	img_04870.jpg	100.0	0.0	0.0	0.0	0.0	0.0	0.0	0.0
607	img_04872.jpg	100.0	0.0	0.0	0.0	0.0	0.0	0.0	0.0
608	img_04879.jpg	0.0	0.0	0.0	0.0	0.0	100.0	0.0	0.0
609	img_04885.jpg	0.0	0.0	0.0	0.0	0.0	0.0	0.0	100.0
610	img_04888.jpg	100.0	0.0	0.0	0.0	0.0	0.0	0.0	0.0
611	img_04921.jpg	0.0	0.0	0.0	0.0	0.0	100.0	0.0	0.0
612	img_04949.jpg	5.19	94.48	0.0	0.0	0.0	0.0	0.0	0.34
613	img_04959.jpg	100.0	0.0	0.0	0.0	0.0	0.0	0.0	0.0
614	img_04962.jpg	0.0	0.0	0.0	0.0	0.0	0.0	0.0	100.0
615	img_04975.jpg	1.49	11.68	0.0	0.0	0.01	0.0	0.0	86.82
616	img_04990.jpg	0.05	2.57	0.0	0.0	0.0	0.0	0.0	97.38
617	img_04991.jpg	0.0	0.0	0.0	0.0	0.0	100.0	0.0	0.0
618	img_05015.jpg	0.0	0.0	0.0	0.0	100.0	0.0	0.0	0.0
619	img_05016.jpg	14.18	11.8	11.65	10.87	12.66	13.12	12.14	13.57
620	img_05021.jpg	0.0	0.0	0.0	0.0	100.0	0.0	0.0	0.0
621	img_05026.jpg	1.11	10.3	0.0	0.0	0.01	0.0	0.0	88.59
622	img_05030.jpg	1.58	11.95	0.0	0.0	0.01	0.0	0.0	86.46
623	img_05038.jpg	6.95	21.13	0.0	0.0	0.38	0.0	0.08	71.46
624	img_05046.jpg	0.05	4.3	0.0	0.0	0.0	0.0	0.0	95.65
625	img_05055.jpg	78.31	0.0	0.0	0.0	21.69	0.0	0.0	0.0
626	img_05059.jpg	0.0	0.0	0.0	0.0	100.0	0.0	0.0	0.0
627	img_05064.jpg	100.0	0.0	0.0	0.0	0.0	0.0	0.0	0.0
628	img_05068.jpg	0.0	0.0	0.0	0.0	0.0	0.0	0.0	100.0
629	img_05074.jpg	79.09	0.0	0.0	0.0	20.91	0.0	0.0	0.0
630	img_05076.jpg	0.03	2.13	0.0	0.0	0.0	0.0	0.0	97.84
631	img_05078.jpg	0.0	0.0	100.0	0.0	0.0	0.0	0.0	0.0
632	img_05084.jpg	0.11	3.73	0.0	0.0	0.0	0.0	0.0	96.16
633	img_05085.jpg	0.0	0.0	0.0	0.0	100.0	0.0	0.0	0.0
634	img_05087.jpg	100.0	0.0	0.0	0.0	0.0	0.0	0.0	0.0
635	img_05095.jpg	100.0	0.0	0.0	0.0	0.0	0.0	0.0	0.0
636	img_05119.jpg	100.0	0.0	0.0	0.0	0.0	0.0	0.0	0.0
637	img_05137.jpg	0.52	7.48	0.0	0.0	0.0	0.0	0.0	92.0
638	img_05139.jpg	0.0	0.0	0.0	0.0	0.0	0.0	0.0	100.0
639	img_05147.jpg	0.0	0.0	0.0	0.0	100.0	0.0	0.0	0.0
640	img_05156.jpg	100.0	0.0	0.0	0.0	0.0	0.0	0.0	0.0
641	img_05185.jpg	100.0	0.0	0.0	0.0	0.0	0.0	0.0	0.0
642	img_05186.jpg	100.0	0.0	0.0	0.0	0.0	0.0	0.0	0.0
643	img_05192.jpg	0.03	1.96	0.0	0.0	0.0	0.0	0.0	98.01
644	img_05196.jpg	14.97	6.24	17.52	8.86	35.15	0.3	8.78	8.18
645	img_05209.jpg	100.0	0.0	0.0	0.0	0.0	0.0	0.0	0.0
646	img_05210.jpg	100.0	0.0	0.0	0.0	0.0	0.0	0.0	0.0
647	img_05211.jpg	0.12	3.87	0.0	0.0	0.0	0.0	0.0	96.02
648	img_05222.jpg	100.0	0.0	0.0	0.0	0.0	0.0	0.0	0.0
649	img_05236.jpg	1.98	13.12	0.0	0.0	0.02	0.0	0.0	84.88
650	img_05241.jpg	0.0	0.0	0.0	100.0	0.0	0.0	0.0	0.0
651	img_05244.jpg	98.6	0.0	0.0	1.4	0.0	0.0	0.0	0.0
652	img_05251.jpg	3.23	15.93	0.0	0.0	0.06	0.0	0.01	80.77
653	img_05253.jpg	0.0	0.0	0.0	0.0	0.0	0.0	0.0	100.0
654	img_05260.jpg	100.0	0.0	0.0	0.0	0.0	0.0	0.0	0.0
655	img_05264.jpg	0.0	0.03	0.0	0.0	0.0	0.0	0.0	99.97
656	img_05268.jpg	21.04	25.4	0.0	0.08	8.46	0.05	5.16	39.81
657	img_05269.jpg	99.97	0.0	0.0	0.0	0.03	0.0	0.0	0.0
658	img_05273.jpg	100.0	0.0	0.0	0.0	0.0	0.0	0.0	0.0
659	img_05276.jpg	0.0	0.0	0.0	0.0	100.0	0.0	0.0	0.0
660	img_05284.jpg	1.03	24.9	0.0	0.0	0.0	0.0	0.0	74.07
661	img_05292.jpg	5.38	19.32	0.0	0.0	0.21	0.0	0.03	75.06
662	img_05293.jpg	0.0	0.0	0.0	0.0	0.0	0.0	0.0	100.0
663	img_05322.jpg	100.0	0.0	0.0	0.0	0.0	0.0	0.0	0.0
664	img_05328.jpg	100.0	0.0	0.0	0.0	0.0	0.0	0.0	0.0
665	img_05336.jpg	99.98	0.0	0.0	0.02	0.0	0.0	0.0	0.0
666	img_05341.jpg	100.0	0.0	0.0	0.0	0.0	0.0	0.0	0.0
667	img_05349.jpg	0.0	100.0	0.0	0.0	0.0	0.0	0.0	0.0
668	img_05359.jpg	8.56	22.61	0.0	0.0	0.64	0.0	0.15	68.03
669	img_05378.jpg	100.0	0.0	0.0	0.0	0.0	0.0	0.0	0.0
670	img_05393.jpg	3.28	95.81	0.0	0.0	0.0	0.0	0.0	0.91
671	img_05410.jpg	0.0	0.0	0.0	0.0	0.0	0.0	0.0	100.0
672	img_05426.jpg	0.0	0.0	0.0	0.0	100.0	0.0	0.0	0.0
673	img_05433.jpg	22.0	24.19	0.01	0.33	10.81	0.22	7.38	35.07
674	img_05434.jpg	0.03	0.0	0.0	0.0	99.97	0.0	0.0	0.0
675	img_05438.jpg	97.34	0.16	0.0	2.5	0.0	0.0	0.0	0.0
676	img_05439.jpg	100.0	0.0	0.0	0.0	0.0	0.0	0.0	0.0
677	img_05440.jpg	100.0	0.0	0.0	0.0	0.0	0.0	0.0	0.0
678	img_05445.jpg	100.0	0.0	0.0	0.0	0.0	0.0	0.0	0.0
679	img_05454.jpg	0.0	0.0	0.0	0.0	100.0	0.0	0.0	0.0
680	img_05459.jpg	100.0	0.0	0.0	0.0	0.0	0.0	0.0	0.0
681	img_05463.jpg	5.52	19.5	0.0	0.0	0.22	0.0	0.04	74.72
682	img_05471.jpg	0.89	9.41	0.0	0.0	0.0	0.0	0.0	89.69
683	img_05475.jpg	0.0	0.0	0.0	0.0	100.0	0.0	0.0	0.0
684	img_05479.jpg	100.0	0.0	0.0	0.0	0.0	0.0	0.0	0.0
685	img_05488.jpg	100.0	0.0	0.0	0.0	0.0	0.0	0.0	0.0
686	img_05489.jpg	91.06	0.01	0.0	8.92	0.0	0.0	0.0	0.0
687	img_05492.jpg	0.0	0.0	0.0	0.0	0.0	0.0	0.0	100.0
688	img_05508.jpg	100.0	0.0	0.0	0.0	0.0	0.0	0.0	0.0
689	img_05516.jpg	0.05	2.67	0.0	0.0	0.0	0.0	0.0	97.28
690	img_05520.jpg	0.0	0.0	0.0	0.0	0.0	1.59	98.41	0.0
691	img_05525.jpg	100.0	0.0	0.0	0.0	0.0	0.0	0.0	0.0
692	img_05539.jpg	0.0	0.0	0.0	100.0	0.0	0.0	0.0	0.0
693	img_05548.jpg	100.0	0.0	0.0	0.0	0.0	0.0	0.0	0.0
694	img_05558.jpg	2.22	13.74	0.0	0.0	0.03	0.0	0.0	84.01
695	img_05563.jpg	100.0	0.0	0.0	0.0	0.0	0.0	0.0	0.0
696	img_05568.jpg	0.0	0.0	0.0	0.0	0.0	0.0	0.0	100.0
697	img_05572.jpg	0.08	3.33	0.0	0.0	0.0	0.0	0.0	96.59
698	img_05580.jpg	0.09	3.48	0.0	0.0	0.0	0.0	0.0	96.43
699	img_05584.jpg	100.0	0.0	0.0	0.0	0.0	0.0	0.0	0.0
700	img_05587.jpg	99.99	0.0	0.0	0.0	0.01	0.0	0.0	0.0
701	img_05595.jpg	0.15	4.32	0.0	0.0	0.0	0.0	0.0	95.53
702	img_05603.jpg	100.0	0.0	0.0	0.0	0.0	0.0	0.0	0.0
703	img_05612.jpg	100.0	0.0	0.0	0.0	0.0	0.0	0.0	0.0
704	img_05613.jpg	0.02	1.8	0.0	0.0	0.0	0.0	0.0	98.18
705	img_05615.jpg	100.0	0.0	0.0	0.0	0.0	0.0	0.0	0.0
706	img_05623.jpg	95.46	0.01	0.0	4.54	0.0	0.0	0.0	0.0
707	img_05640.jpg	100.0	0.0	0.0	0.0	0.0	0.0	0.0	0.0
708	img_05653.jpg	100.0	0.0	0.0	0.0	0.0	0.0	0.0	0.0
709	img_05654.jpg	100.0	0.0	0.0	0.0	0.0	0.0	0.0	0.0
710	img_05657.jpg	0.0	0.0	0.0	0.0	100.0	0.0	0.0	0.0
711	img_05672.jpg	0.0	0.0	0.0	0.0	0.0	100.0	0.0	0.0
712	img_05673.jpg	100.0	0.0	0.0	0.0	0.0	0.0	0.0	0.0
713	img_05682.jpg	0.04	2.32	0.0	0.0	0.0	0.0	0.0	97.65
714	img_05692.jpg	0.0	0.0	100.0	0.0	0.0	0.0	0.0	0.0
715	img_05718.jpg	1.11	0.0	0.0	0.0	0.01	0.0	0.0	98.88
716	img_05719.jpg	0.0	0.0	0.0	0.0	0.0	0.0	0.0	100.0
717	img_05721.jpg	0.0	0.0	100.0	0.0	0.0	0.0	0.0	0.0
718	img_05722.jpg	100.0	0.0	0.0	0.0	0.0	0.0	0.0	0.0
719	img_05724.jpg	14.18	11.8	11.65	10.87	12.66	13.12	12.14	13.57
720	img_05731.jpg	0.0	0.0	0.0	0.0	100.0	0.0	0.0	0.0
721	img_05735.jpg	0.4	6.65	0.0	0.0	0.0	0.0	0.0	92.95
722	img_05740.jpg	0.0	0.0	0.0	0.0	100.0	0.0	0.0	0.0
723	img_05743.jpg	100.0	0.0	0.0	0.0	0.0	0.0	0.0	0.0
724	img_05754.jpg	0.0	0.0	0.0	0.0	0.0	27.58	72.42	0.0
725	img_05755.jpg	0.0	0.0	0.0	0.0	0.0	0.0	0.0	100.0
726	img_05766.jpg	100.0	0.0	0.0	0.0	0.0	0.0	0.0	0.0
727	img_05768.jpg	0.05	2.62	0.0	0.0	0.0	0.0	0.0	97.34
728	img_05775.jpg	100.0	0.0	0.0	0.0	0.0	0.0	0.0	0.0
729	img_05790.jpg	100.0	0.0	0.0	0.0	0.0	0.0	0.0	0.0
730	img_05792.jpg	3.88	17.1	0.0	0.0	0.1	0.0	0.01	78.91
731	img_05794.jpg	100.0	0.0	0.0	0.0	0.0	0.0	0.0	0.0
732	img_05805.jpg	0.0	100.0	0.0	0.0	0.0	0.0	0.0	0.0
733	img_05813.jpg	100.0	0.0	0.0	0.0	0.0	0.0	0.0	0.0
734	img_05817.jpg	0.9	9.45	0.0	0.0	0.0	0.0	0.0	89.65
735	img_05824.jpg	0.0	0.0	0.0	0.0	100.0	0.0	0.0	0.0
736	img_05828.jpg	100.0	0.0	0.0	0.0	0.0	0.0	0.0	0.0
737	img_05835.jpg	100.0	0.0	0.0	0.0	0.0	0.0	0.0	0.0
738	img_05838.jpg	0.0	0.0	0.0	0.0	99.74	0.0	0.0	0.26
739	img_05857.jpg	0.0	0.0	0.0	0.0	1.37	0.0	0.0	98.63
740	img_05864.jpg	0.0	100.0	0.0	0.0	0.0	0.0	0.0	0.0
741	img_05879.jpg	100.0	0.0	0.0	0.0	0.0	0.0	0.0	0.0
742	img_05882.jpg	14.18	11.8	11.65	10.87	12.66	13.12	12.14	13.57
743	img_05896.jpg	100.0	0.0	0.0	0.0	0.0	0.0	0.0	0.0
744	img_05908.jpg	0.0	0.0	0.0	0.0	100.0	0.0	0.0	0.0
745	img_05915.jpg	0.0	0.0	5.23	0.0	0.0	0.0	0.0	94.77
746	img_05916.jpg	99.58	0.0	0.0	0.0	0.42	0.0	0.0	0.0
747	img_05922.jpg	0.0	0.0	0.0	0.0	0.0	0.0	0.0	100.0
748	img_05927.jpg	100.0	0.0	0.0	0.0	0.0	0.0	0.0	0.0
749	img_05940.jpg	100.0	0.0	0.0	0.0	0.0	0.0	0.0	0.0
750	img_05948.jpg	0.0	0.0	0.0	0.0	0.0	72.39	27.61	0.0
751	img_05950.jpg	100.0	0.0	0.0	0.0	0.0	0.0	0.0	0.0
752	img_05953.jpg	14.18	11.8	11.65	10.87	12.66	13.12	12.14	13.57
753	img_05958.jpg	0.0	0.0	0.0	0.0	0.0	0.0	0.0	100.0
754	img_05960.jpg	0.23	5.26	0.0	0.0	0.0	0.0	0.0	94.51
755	img_05963.jpg	1.01	9.91	0.0	0.0	0.0	0.0	0.0	89.08
756	img_05967.jpg	100.0	0.0	0.0	0.0	0.0	0.0	0.0	0.0
757	img_05976.jpg	0.96	9.68	0.0	0.0	0.0	0.0	0.0	89.36
758	img_05979.jpg	0.0	0.0	0.0	0.0	100.0	0.0	0.0	0.0
759	img_05981.jpg	100.0	0.0	0.0	0.0	0.0	0.0	0.0	0.0
760	img_05989.jpg	100.0	0.0	0.0	0.0	0.0	0.0	0.0	0.0
761	img_06001.jpg	100.0	0.0	0.0	0.0	0.0	0.0	0.0	0.0
762	img_06003.jpg	100.0	0.0	0.0	0.0	0.0	0.0	0.0	0.0
763	img_06010.jpg	0.72	8.6	0.0	0.0	0.0	0.0	0.0	90.67
764	img_06021.jpg	0.0	100.0	0.0	0.0	0.0	0.0	0.0	0.0
765	img_06033.jpg	0.0	0.0	0.0	0.0	0.0	0.0	0.0	100.0
766	img_06037.jpg	100.0	0.0	0.0	0.0	0.0	0.0	0.0	0.0
767	img_06038.jpg	0.0	0.0	0.0	0.0	0.0	0.0	0.0	100.0
768	img_06042.jpg	0.12	3.98	0.0	0.0	0.0	0.0	0.0	95.9
769	img_06059.jpg	0.0	0.0	0.0	0.0	100.0	0.0	0.0	0.0
770	img_06065.jpg	6.84	21.01	0.0	0.0	0.37	0.0	0.07	71.71
771	img_06067.jpg	0.0	100.0	0.0	0.0	0.0	0.0	0.0	0.0
772	img_06076.jpg	0.02	99.98	0.0	0.0	0.0	0.0	0.0	0.0
773	img_06097.jpg	0.01	1.45	0.0	0.0	0.0	0.0	0.0	98.54
774	img_06099.jpg	0.0	100.0	0.0	0.0	0.0	0.0	0.0	0.0
775	img_06101.jpg	0.0	0.0	0.0	0.0	0.0	0.0	0.0	100.0
776	img_06103.jpg	100.0	0.0	0.0	0.0	0.0	0.0	0.0	0.0
777	img_06137.jpg	0.0	0.0	0.0	0.0	0.0	0.0	0.0	100.0
778	img_06144.jpg	0.0	0.0	0.0	0.0	0.0	0.0	0.0	100.0
779	img_06147.jpg	100.0	0.0	0.0	0.0	0.0	0.0	0.0	0.0
780	img_06165.jpg	0.0	0.0	100.0	0.0	0.0	0.0	0.0	0.0
781	img_06174.jpg	100.0	0.0	0.0	0.0	0.0	0.0	0.0	0.0
782	img_06186.jpg	97.99	0.0	0.0	0.0	0.0	0.0	0.0	2.01
783	img_06189.jpg	99.67	0.0	0.0	0.33	0.0	0.0	0.0	0.0
784	img_06203.jpg	1.96	13.06	0.0	0.0	0.02	0.0	0.0	84.95
785	img_06207.jpg	100.0	0.0	0.0	0.0	0.0	0.0	0.0	0.0
786	img_06210.jpg	5.61	19.61	0.0	0.0	0.23	0.0	0.04	74.5
787	img_06211.jpg	100.0	0.0	0.0	0.0	0.0	0.0	0.0	0.0
788	img_06237.jpg	100.0	0.0	0.0	0.0	0.0	0.0	0.0	0.0
789	img_06238.jpg	0.0	0.0	0.0	100.0	0.0	0.0	0.0	0.0
790	img_06259.jpg	0.0	0.0	0.0	0.0	0.0	0.0	0.0	100.0
791	img_06261.jpg	2.41	14.2	0.0	0.0	0.03	0.0	0.0	83.36
792	img_06268.jpg	0.0	0.0	0.0	0.0	100.0	0.0	0.0	0.0
793	img_06272.jpg	0.0	0.0	0.0	0.0	100.0	0.0	0.0	0.0
794	img_06273.jpg	100.0	0.0	0.0	0.0	0.0	0.0	0.0	0.0
795	img_06285.jpg	0.0	0.0	0.0	0.0	0.0	0.0	0.0	100.0
796	img_06294.jpg	100.0	0.0	0.0	0.0	0.0	0.0	0.0	0.0
797	img_06302.jpg	100.0	0.0	0.0	0.0	0.0	0.0	0.0	0.0
798	img_06311.jpg	0.0	100.0	0.0	0.0	0.0	0.0	0.0	0.0
799	img_06318.jpg	0.0	0.0	0.0	0.0	0.0	0.0	100.0	0.0
800	img_06321.jpg	0.1	3.66	0.0	0.0	0.0	0.0	0.0	96.24
801	img_06324.jpg	0.24	5.34	0.0	0.0	0.0	0.0	0.0	94.42
802	img_06332.jpg	100.0	0.0	0.0	0.0	0.0	0.0	0.0	0.0
803	img_06345.jpg	99.98	0.0	0.0	0.0	0.0	0.0	0.0	0.02
804	img_06346.jpg	0.0	0.0	0.0	0.0	0.0	13.29	86.71	0.0
805	img_06349.jpg	0.0	0.0	0.0	0.0	100.0	0.0	0.0	0.0
806	img_06368.jpg	0.0	0.0	0.0	0.0	0.01	99.99	0.0	0.01
807	img_06369.jpg	0.0	0.0	0.0	0.0	0.0	0.0	0.0	100.0
808	img_06371.jpg	0.0	100.0	0.0	0.0	0.0	0.0	0.0	0.0
809	img_06373.jpg	0.0	0.0	100.0	0.0	0.0	0.0	0.0	0.0
810	img_06401.jpg	0.11	0.0	0.0	0.0	99.89	0.0	0.0	0.0
811	img_06412.jpg	0.12	3.97	0.0	0.0	0.0	0.0	0.0	95.91
812	img_06424.jpg	100.0	0.0	0.0	0.0	0.0	0.0	0.0	0.0
813	img_06426.jpg	56.08	0.0	0.0	0.0	8.6	0.0	0.0	35.32
814	img_06440.jpg	0.0	0.0	0.0	0.0	0.0	100.0	0.0	0.0
815	img_06455.jpg	99.62	0.01	0.0	0.13	0.0	0.0	0.0	0.24
816	img_06469.jpg	100.0	0.0	0.0	0.0	0.0	0.0	0.0	0.0
817	img_06475.jpg	9.27	23.17	0.0	0.0	0.78	0.0	0.2	66.59
818	img_06477.jpg	0.03	2.04	0.0	0.0	0.0	0.0	0.0	97.93
819	img_06489.jpg	0.0	0.0	0.0	0.0	100.0	0.0	0.0	0.0
820	img_06496.jpg	99.78	0.0	0.0	0.02	0.19	0.0	0.0	0.0
821	img_06506.jpg	0.0	94.2	0.0	0.0	5.8	0.0	0.0	0.0
822	img_06508.jpg	0.0	0.0	0.0	100.0	0.0	0.0	0.0	0.0
823	img_06510.jpg	100.0	0.0	0.0	0.0	0.0	0.0	0.0	0.0
824	img_06521.jpg	0.03	2.22	0.0	0.0	0.0	0.0	0.0	97.75
825	img_06522.jpg	16.57	26.31	0.0	0.0	3.7	0.0	1.62	51.8
826	img_06525.jpg	100.0	0.0	0.0	0.0	0.0	0.0	0.0	0.0
827	img_06541.jpg	100.0	0.0	0.0	0.0	0.0	0.0	0.0	0.0
828	img_06547.jpg	100.0	0.0	0.0	0.0	0.0	0.0	0.0	0.0
829	img_06549.jpg	100.0	0.0	0.0	0.0	0.0	0.0	0.0	0.0
830	img_06555.jpg	100.0	0.0	0.0	0.0	0.0	0.0	0.0	0.0
831	img_06559.jpg	0.0	0.0	0.0	0.0	100.0	0.0	0.0	0.0
832	img_06564.jpg	100.0	0.0	0.0	0.0	0.0	0.0	0.0	0.0
833	img_06571.jpg	100.0	0.0	0.0	0.0	0.0	0.0	0.0	0.0
834	img_06585.jpg	0.0	0.0	0.0	0.0	100.0	0.0	0.0	0.0
835	img_06608.jpg	100.0	0.0	0.0	0.0	0.0	0.0	0.0	0.0
836	img_06611.jpg	0.0	0.0	0.0	0.0	0.0	0.0	0.0	100.0
837	img_06614.jpg	0.0	0.0	0.0	100.0	0.0	0.0	0.0	0.0
838	img_06616.jpg	15.87	26.2	0.0	0.0	3.26	0.0	1.36	53.31
839	img_06630.jpg	0.25	5.47	0.0	0.0	0.0	0.0	0.0	94.28
840	img_06637.jpg	0.0	0.0	0.0	0.0	100.0	0.0	0.0	0.0
841	img_06642.jpg	0.01	1.3	0.0	0.0	0.0	0.0	0.0	98.69
842	img_06646.jpg	0.0	0.0	0.0	0.0	100.0	0.0	0.0	0.0
843	img_06658.jpg	0.45	7.04	0.0	0.0	0.0	0.0	0.0	92.5
844	img_06662.jpg	2.74	0.0	0.0	0.0	97.26	0.0	0.0	0.0
845	img_06663.jpg	0.0	0.0	0.0	0.0	100.0	0.0	0.0	0.0
846	img_06673.jpg	0.0	0.0	0.0	0.0	0.0	0.0	0.0	100.0
847	img_06681.jpg	0.0	0.0	0.0	0.0	0.0	0.0	0.0	100.0
848	img_06684.jpg	0.0	0.0	0.0	0.0	0.01	0.0	0.0	99.99
849	img_06685.jpg	0.0	0.0	0.0	0.0	100.0	0.0	0.0	0.0
850	img_06690.jpg	0.0	0.0	0.0	0.0	0.0	0.0	0.0	100.0
851	img_06698.jpg	18.92	26.27	0.0	0.01	5.63	0.0	2.89	46.27
852	img_06732.jpg	100.0	0.0	0.0	0.0	0.0	0.0	0.0	0.0
853	img_06734.jpg	100.0	0.0	0.0	0.0	0.0	0.0	0.0	0.0
854	img_06748.jpg	0.0	0.0	0.0	0.0	0.0	0.0	0.0	100.0
855	img_06756.jpg	100.0	0.0	0.0	0.0	0.0	0.0	0.0	0.0
856	img_06780.jpg	0.05	2.76	0.0	0.0	0.0	0.0	0.0	97.19
857	img_06783.jpg	0.1	3.55	0.0	0.0	0.0	0.0	0.0	96.36
858	img_06798.jpg	100.0	0.0	0.0	0.0	0.0	0.0	0.0	0.0
859	img_06800.jpg	99.44	0.0	0.0	0.56	0.0	0.0	0.0	0.0
860	img_06806.jpg	0.0	100.0	0.0	0.0	0.0	0.0	0.0	0.0
861	img_06807.jpg	100.0	0.0	0.0	0.0	0.0	0.0	0.0	0.0
862	img_06808.jpg	0.0	100.0	0.0	0.0	0.0	0.0	0.0	0.0
863	img_06812.jpg	0.0	100.0	0.0	0.0	0.0	0.0	0.0	0.0
864	img_06831.jpg	0.0	100.0	0.0	0.0	0.0	0.0	0.0	0.0
865	img_06832.jpg	100.0	0.0	0.0	0.0	0.0	0.0	0.0	0.0
866	img_06845.jpg	100.0	0.0	0.0	0.0	0.0	0.0	0.0	0.0
867	img_06849.jpg	0.04	2.46	0.0	0.0	0.0	0.0	0.0	97.5
868	img_06851.jpg	0.27	5.59	0.0	0.0	0.0	0.0	0.0	94.14
869	img_06859.jpg	0.0	0.0	0.0	0.0	0.0	100.0	0.0	0.0
870	img_06860.jpg	0.0	0.0	0.0	0.0	100.0	0.0	0.0	0.0
871	img_06870.jpg	0.0	77.32	0.0	0.0	0.0	0.0	0.0	22.68
872	img_06892.jpg	100.0	0.0	0.0	0.0	0.0	0.0	0.0	0.0
873	img_06893.jpg	14.34	25.82	0.0	0.0	2.44	0.0	0.91	56.48
874	img_06899.jpg	100.0	0.0	0.0	0.0	0.0	0.0	0.0	0.0
875	img_06902.jpg	0.0	0.0	0.0	0.0	100.0	0.0	0.0	0.0
876	img_06909.jpg	100.0	0.0	0.0	0.0	0.0	0.0	0.0	0.0
877	img_06914.jpg	0.0	0.0	0.0	0.0	100.0	0.0	0.0	0.0
878	img_06916.jpg	0.0	0.0	0.0	0.0	0.0	0.0	0.0	100.0
879	img_06921.jpg	99.85	0.0	0.0	0.0	0.15	0.0	0.0	0.0
880	img_06922.jpg	0.29	5.82	0.0	0.0	0.0	0.0	0.0	93.89
881	img_06936.jpg	0.0	0.0	0.0	0.0	100.0	0.0	0.0	0.0
882	img_06939.jpg	0.06	2.79	0.0	0.0	0.0	0.0	0.0	97.15
883	img_06946.jpg	1.46	11.57	0.0	0.0	0.01	0.0	0.0	86.96
884	img_06947.jpg	0.0	0.0	0.0	0.0	100.0	0.0	0.0	0.0
885	img_06955.jpg	100.0	0.0	0.0	0.0	0.0	0.0	0.0	0.0
886	img_06959.jpg	100.0	0.0	0.0	0.0	0.0	0.0	0.0	0.0
887	img_06962.jpg	0.35	7.39	0.0	0.0	0.0	0.0	0.0	92.26
888	img_06966.jpg	0.1	3.64	0.0	0.0	0.0	0.0	0.0	96.26
889	img_06975.jpg	14.18	11.8	11.65	10.87	12.66	13.12	12.14	13.57
890	img_06985.jpg	100.0	0.0	0.0	0.0	0.0	0.0	0.0	0.0
891	img_06986.jpg	100.0	0.0	0.0	0.0	0.0	0.0	0.0	0.0
892	img_07005.jpg	100.0	0.0	0.0	0.0	0.0	0.0	0.0	0.0
893	img_07023.jpg	0.0	0.0	0.0	0.0	0.0	0.0	0.0	100.0
894	img_07043.jpg	0.0	0.0	0.0	0.0	100.0	0.0	0.0	0.0
895	img_07044.jpg	0.0	0.0	0.0	0.0	0.0	0.0	0.0	100.0
896	img_07045.jpg	99.99	0.0	0.0	0.0	0.01	0.0	0.0	0.0
897	img_07050.jpg	0.0	0.0	0.0	0.0	100.0	0.0	0.0	0.0
898	img_07051.jpg	2.78	96.31	0.0	0.0	0.0	0.0	0.0	0.9
899	img_07054.jpg	0.0	100.0	0.0	0.0	0.0	0.0	0.0	0.0
900	img_07060.jpg	14.18	11.8	11.65	10.87	12.66	13.12	12.14	13.57
901	img_07062.jpg	0.0	0.0	0.0	0.0	100.0	0.0	0.0	0.0
902	img_07065.jpg	0.22	0.0	0.0	0.0	0.0	0.0	95.25	4.53
903	img_07068.jpg	3.01	15.5	0.0	0.0	0.05	0.0	0.01	81.43
904	img_07079.jpg	0.0	0.0	0.0	0.0	100.0	0.0	0.0	0.0
905	img_07084.jpg	0.0	0.0	0.0	0.0	0.0	0.0	0.0	100.0
906	img_07086.jpg	11.04	0.44	0.0	0.0	0.0	0.0	0.0	88.51
907	img_07094.jpg	100.0	0.0	0.0	0.0	0.0	0.0	0.0	0.0
908	img_07103.jpg	0.0	0.0	0.0	0.0	100.0	0.0	0.0	0.0
909	img_07110.jpg	100.0	0.0	0.0	0.0	0.0	0.0	0.0	0.0
910	img_07120.jpg	0.0	0.0	0.0	0.0	0.0	0.0	0.0	100.0
911	img_07122.jpg	99.9	0.0	0.0	0.0	0.1	0.0	0.0	0.0
912	img_07137.jpg	100.0	0.0	0.0	0.0	0.0	0.0	0.0	0.0
913	img_07143.jpg	0.0	0.0	0.0	0.0	100.0	0.0	0.0	0.0
914	img_07146.jpg	19.04	0.0	0.0	0.0	80.96	0.0	0.0	0.0
915	img_07147.jpg	0.0	0.0	0.0	0.0	100.0	0.0	0.0	0.0
916	img_07149.jpg	100.0	0.0	0.0	0.0	0.0	0.0	0.0	0.0
917	img_07156.jpg	100.0	0.0	0.0	0.0	0.0	0.0	0.0	0.0
918	img_07157.jpg	100.0	0.0	0.0	0.0	0.0	0.0	0.0	0.0
919	img_07160.jpg	0.0	0.0	0.0	0.0	100.0	0.0	0.0	0.0
920	img_07173.jpg	100.0	0.0	0.0	0.0	0.0	0.0	0.0	0.0
921	img_07179.jpg	0.0	0.0	0.0	0.0	100.0	0.0	0.0	0.0
922	img_07183.jpg	0.0	0.0	0.0	0.0	0.0	0.0	0.0	100.0
923	img_07187.jpg	100.0	0.0	0.0	0.0	0.0	0.0	0.0	0.0
924	img_07188.jpg	99.99	0.0	0.0	0.0	0.01	0.0	0.0	0.0
925	img_07191.jpg	0.0	0.0	0.0	0.0	0.0	100.0	0.0	0.0
926	img_07192.jpg	0.0	0.0	0.0	0.0	0.02	99.98	0.0	0.0
927	img_07199.jpg	100.0	0.0	0.0	0.0	0.0	0.0	0.0	0.0
928	img_07213.jpg	0.0	0.0	0.0	0.0	0.0	100.0	0.0	0.0
929	img_07224.jpg	0.0	0.0	0.0	0.0	100.0	0.0	0.0	0.0
930	img_07231.jpg	0.0	100.0	0.0	0.0	0.0	0.0	0.0	0.0
931	img_07237.jpg	100.0	0.0	0.0	0.0	0.0	0.0	0.0	0.0
932	img_07251.jpg	0.01	1.27	0.0	0.0	0.0	0.0	0.0	98.72
933	img_07270.jpg	0.0	0.0	0.0	0.0	100.0	0.0	0.0	0.0
934	img_07278.jpg	0.0	0.0	0.0	0.0	100.0	0.0	0.0	0.0
935	img_07304.jpg	100.0	0.0	0.0	0.0	0.0	0.0	0.0	0.0
936	img_07314.jpg	0.0	0.0	0.0	0.0	0.0	0.0	0.0	100.0
937	img_07318.jpg	0.0	0.0	0.0	0.0	0.0	100.0	0.0	0.0
938	img_07319.jpg	0.03	2.16	0.0	0.0	0.0	0.0	0.0	97.81
939	img_07330.jpg	7.27	21.45	0.0	0.0	0.43	0.0	0.09	70.77
940	img_07348.jpg	0.0	0.0	0.0	0.0	100.0	0.0	0.0	0.0
941	img_07352.jpg	100.0	0.0	0.0	0.0	0.0	0.0	0.0	0.0
942	img_07354.jpg	100.0	0.0	0.0	0.0	0.0	0.0	0.0	0.0
943	img_07371.jpg	0.0	0.0	0.0	0.0	0.0	0.0	0.0	100.0
944	img_07375.jpg	21.9	24.4	0.01	0.27	10.46	0.18	7.03	35.76
945	img_07409.jpg	100.0	0.0	0.0	0.0	0.0	0.0	0.0	0.0
946	img_07417.jpg	0.0	0.0	1.31	0.0	0.0	98.69	0.0	0.0
947	img_07419.jpg	0.0	0.0	0.0	0.0	0.0	0.0	0.0	100.0
948	img_07420.jpg	1.14	98.86	0.0	0.0	0.0	0.0	0.0	0.0
949	img_07426.jpg	100.0	0.0	0.0	0.0	0.0	0.0	0.0	0.0
950	img_07428.jpg	0.0	0.0	0.0	0.0	0.0	0.0	0.0	100.0
951	img_07434.jpg	0.0	0.0	0.0	0.0	100.0	0.0	0.0	0.0
952	img_07436.jpg	0.27	5.59	0.0	0.0	0.0	0.0	0.0	94.14
953	img_07448.jpg	100.0	0.0	0.0	0.0	0.0	0.0	0.0	0.0
954	img_07460.jpg	100.0	0.0	0.0	0.0	0.0	0.0	0.0	0.0
955	img_07467.jpg	0.0	0.0	0.0	0.0	100.0	0.0	0.0	0.0
956	img_07469.jpg	0.0	0.0	0.01	0.0	0.0	0.0	0.0	99.99
957	img_07474.jpg	100.0	0.0	0.0	0.0	0.0	0.0	0.0	0.0
958	img_07501.jpg	0.0	0.0	0.0	0.0	100.0	0.0	0.0	0.0
959	img_07505.jpg	100.0	0.0	0.0	0.0	0.0	0.0	0.0	0.0
960	img_07508.jpg	100.0	0.0	0.0	0.0	0.0	0.0	0.0	0.0
961	img_07514.jpg	100.0	0.0	0.0	0.0	0.0	0.0	0.0	0.0
962	img_07526.jpg	0.0	0.0	0.0	0.0	0.0	100.0	0.0	0.0
963	img_07528.jpg	100.0	0.0	0.0	0.0	0.0	0.0	0.0	0.0
964	img_07538.jpg	0.26	7.11	0.0	0.0	0.0	0.0	0.0	92.63
965	img_07543.jpg	0.0	0.0	0.0	0.0	100.0	0.0	0.0	0.0
966	img_07553.jpg	100.0	0.0	0.0	0.0	0.0	0.0	0.0	0.0
967	img_07561.jpg	100.0	0.0	0.0	0.0	0.0	0.0	0.0	0.0
968	img_07563.jpg	3.54	16.52	0.0	0.0	0.08	0.0	0.01	79.85
969	img_07574.jpg	100.0	0.0	0.0	0.0	0.0	0.0	0.0	0.0
970	img_07578.jpg	0.0	0.0	0.0	0.0	0.0	0.0	0.0	100.0
971	img_07580.jpg	0.0	0.0	0.0	0.0	0.0	0.0	0.0	100.0
972	img_07583.jpg	0.0	0.0	0.0	0.0	0.0	0.0	0.0	100.0
973	img_07590.jpg	0.0	0.0	0.0	0.0	0.0	0.0	0.0	100.0
974	img_07594.jpg	0.02	1.93	0.0	0.0	0.0	0.0	0.0	98.05
975	img_07616.jpg	100.0	0.0	0.0	0.0	0.0	0.0	0.0	0.0
976	img_07621.jpg	1.61	12.04	0.0	0.0	0.01	0.0	0.0	86.34
977	img_07623.jpg	0.79	0.14	0.0	0.0	0.0	0.0	0.0	99.07
978	img_07628.jpg	0.0	0.0	0.0	0.0	100.0	0.0	0.0	0.0
979	img_07659.jpg	0.32	11.79	0.0	0.0	0.0	0.0	5.82	82.07
980	img_07663.jpg	0.0	0.0	0.0	0.0	0.0	0.0	0.0	100.0
981	img_07678.jpg	0.0	0.0	0.0	100.0	0.0	0.0	0.0	0.0
982	img_07689.jpg	0.0	0.0	0.0	0.0	100.0	0.0	0.0	0.0
983	img_07700.jpg	0.0	0.0	0.0	0.0	0.0	100.0	0.0	0.0
984	img_07717.jpg	100.0	0.0	0.0	0.0	0.0	0.0	0.0	0.0
985	img_07746.jpg	0.0	0.0	0.0	0.0	0.0	100.0	0.0	0.0
986	img_07757.jpg	0.0	0.0	0.0	0.0	100.0	0.0	0.0	0.0
987	img_07792.jpg	8.7	22.72	0.0	0.0	0.67	0.0	0.16	67.76
988	img_07799.jpg	100.0	0.0	0.0	0.0	0.0	0.0	0.0	0.0
989	img_07818.jpg	0.0	0.0	0.0	0.0	100.0	0.0	0.0	0.0
990	img_07833.jpg	100.0	0.0	0.0	0.0	0.0	0.0	0.0	0.0
991	img_07859.jpg	0.0	0.0	0.0	0.0	100.0	0.0	0.0	0.0
992	img_07872.jpg	0.17	0.0	0.0	0.0	99.83	0.0	0.0	0.0
993	img_07893.jpg	0.84	9.19	0.0	0.0	0.0	0.0	0.0	89.97
994	img_07895.jpg	100.0	0.0	0.0	0.0	0.0	0.0	0.0	0.0
995	img_07905.jpg	14.18	11.8	11.65	10.87	12.66	13.12	12.14	13.57
996	img_07906.jpg	0.0	0.0	39.79	0.0	0.0	0.0	0.0	60.21
997	img_07908.jpg	100.0	0.0	0.0	0.0	0.0	0.0	0.0	0.0
998	img_07910.jpg	100.0	0.0	0.0	0.0	0.0	0.0	0.0	0.0
999	img_07921.jpg	0.0	0.0	0.0	0.0	0.0	100.0	0.0	0.0
